139	2080	2072	3552	3553	939	
28	2274	690	1279	1737	1470	
2204	2346	3348	2130	1051	
123	1902	1676	2644	2552	2553	
3827	831	3222	3223	1745	3047	791	
1608	3959	372	2208	1153	639	2199	
2738	1575	3476	3477	1726	
566	2272	3162	1503	323	
3728	606	1382	3019	3530	3531	
3479	7	431	3230	3231	1162	
1845	937	3829	3122	3123	407	
725	3697	694	1301	2319	2318	
1294	198	3254	3258	3259	
548	2046	3830	1944	3090	2608	2609	
351	900	1654	1603	3682	
3228	1092	3757	2476	2477	1933	
1592	2615	2662	2663	121	2008	
3667	2007	2852	2853	585	3796	297	
2166	518	894	1752	203	33	
1163	755	3293	780	3006	3007	
87	49	1412	3932	3933	
792	374	913	1604	1605	721	
791	40	1692	3826	3827	
674	2718	2719	1891	953	
731	2676	2677	1113	1081	541	
2796	1276	311	328	3694	3695	
235	2246	2247	1363	2449	1385	593	
1242	3216	688	433	2972	2973	
423	3791	1254	2735	79	
84	1650	3940	3941	77	
1136	2061	1060	1061	141	
3462	928	3846	3847	845	
297	1187	1090	3666	3667	
39	888	3648	3649	2769	1079	
541	3782	3783	1365	731	
1450	3497	459	946	3304	3305	
2100	3320	3321	701	1324	2503	
517	253	3908	3909	1213	611	
192	1546	3867	1547	3456	3457	
2077	2082	2083	514	1072	
3256	1826	3418	3768	3769	413	
890	78	2118	2927	1006	1820	480	1821	
160	642	1156	308	1157	1085	569	
858	2159	3125	365	3124	171	
84	77	2742	2743	2543	1273	
678	1910	1911	3833	3486	3487	
1470	427	2870	2324	9	3452	28	
2260	3626	3627	163	
1636	92	1754	20	425	3946	3947	
3683	1655	373	3070	3071	1161	
407	1728	3464	3465	457	1845	
3792	98	3560	1940	2334	2335	1001	
178	216	2788	2789	801	
102	650	1920	148	1921	961	
1709	104	970	2058	1599	2059	
106	2334	1940	1941	3818	3819	
2818	418	3388	3704	3705	1963	
110	2817	1484	341	169	
204	1790	1614	2099	3282	2466	
874	1856	2504	1216	2273	2406	2407	
488	2000	3401	2001	3272	3273	507	
3884	967	982	2584	2585	3088	3089	
976	120	1880	1881	993	487	
3920	446	3876	3877	1831	1676	1902	
2156	124	3442	3443	533	1123	
254	934	2294	2934	2935	257	
3567	128	3117	1542	3523	1543	
130	1944	3830	1071	259	
296	1230	132	2640	2214	2215	
134	1326	3320	2100	2558	513	
1383	307	1644	2786	2440	2441	285	
293	138	2016	2216	3662	3663	
1205	2147	271	658	1204	659	
2448	1267	142	3664	3192	3193	
3890	144	2174	1108	3412	3413	
671	1182	2173	363	1510	147	
812	1920	650	1178	1179	325	
303	1297	1146	2049	3542	3543	
3417	301	2602	2603	1515	153	
268	1718	1073	784	785	1511	
156	1154	1536	3654	3655	
333	2982	2983	1651	3939	1513	
3741	1572	1156	642	3260	3261	
339	162	3326	3327	319	
855	3433	3432	2511	3665	
166	1340	3874	1341	3860	3861	279	
1484	2817	2816	1485	2486	2137	
3124	365	1659	3492	3493	
172	2232	1280	3722	3723	
2868	1602	2154	174	2880	2881	
321	2323	1395	2797	2304	759	2305	
178	801	1166	1167	336	1496	634	635	
180	1810	1811	1445	375	
3292	1332	3137	1374	2756	2757	183	
353	3105	1560	2732	2733	2437	185	
1534	410	3280	668	3928	3929	
1765	2501	1640	1351	829	1641	
3977	1477	190	1461	3064	3065	191	
760	2579	192	3457	73	1612	2389	
30	2041	2528	1308	3026	3027	
2652	1488	1670	3062	3063	197	
376	3255	2926	2118	78	
358	949	1979	2386	2387	3823	757	
202	1110	2693	2782	2783	1771	
500	2239	2086	2876	2095	3748	
481	206	614	2814	2815	
463	88	3157	3766	3767	441	
936	3676	456	1729	2338	2339	1595	
2282	673	3719	1900	2310	2311	429	
3277	397	1952	2996	2997	489	
422	3934	424	1705	2416	2417	1209	
218	2306	2307	1669	849	1434	
445	2666	1430	1622	3407	1623	
1469	1954	496	1955	981	1917	
469	3242	224	3524	3525	
1849	473	1256	3634	3584	3585	
228	1756	2838	2839	1666	1893	1667	
3514	3698	3699	906	1814	3743	1815	
399	733	3614	3615	973	
234	3764	3765	2604	886	
482	3170	1936	3100	3101	477	
992	238	912	1832	1833	1009	
2418	240	810	432	3536	3537	
1896	453	1656	3463	3851	977	
2056	3399	58	1104	3252	3253	2029	
3283	246	1802	2966	2967	495	
1648	1686	2902	2903	449	
1894	479	3468	3469	657	
2762	2340	2341	1107	3795	555	1884	
491	2025	528	2884	2885	255	
503	2115	256	2220	2221	521	
3831	3904	3905	3165	1035	2027	
2390	1030	3241	260	1140	3056	
2102	2804	540	2632	2633	910	
1227	2243	264	3809	3000	3001	
3286	1122	1123	533	3177	267	
2125	268	1511	155	1088	
519	1056	1057	530	1097	531	
2048	525	2950	2951	
615	3119	3194	3195	1569	787	
276	478	2679	3853	571	
2600	278	2516	2517	3379	573	
280	1096	140	1082	1083	523	
1253	282	3572	1536	1154	3312	2248	2249	
679	3218	3219	3213	1235	601	
567	2961	2474	1764	2475	287	
288	3886	1420	3138	3139	575	
3022	3350	3351	1095	545	
3014	3015	138	293	730	3557	
294	2720	3078	3079	2261	543	
296	2215	577	1120	3440	2376	2377	
643	2807	2831	1193	609	
604	704	1492	1331	3340	2368	2369	
610	3821	2898	539	150	
2803	670	1336	1337	2412	2413	
607	2262	2263	3227	1233	551	
2544	3309	1573	815	3685	309	
2396	758	310	2984	2985	
3042	312	1465	2618	2619	
2542	591	1418	1419	3632	3633	
1537	681	2801	316	2302	2303	1223	
641	2408	2409	588	3011	589	
320	2296	2297	1238	1101	633	
717	2481	2480	3268	3269	
324	2052	1774	1775	739	
1183	582	1191	583	1137	1516	536	
672	2674	2675	1403	3838	329	
867	1779	2697	1778	2521	3041	1367	
638	3724	3725	1582	1583	809	
3679	695	1164	1165	1173	655	
1496	336	149	1376	1377	645	
603	772	1320	3798	3570	3571	
2137	2487	3066	2143	341	1484	
712	2690	2691	1571	2256	343	
1324	701	344	3336	3337	1393	
346	1330	1518	3450	3451	
2616	348	3756	3757	1092	663	
350	2398	594	3858	3859	227	
3866	699	2755	3104	3105	353	
1162	3231	2132	354	3772	3773	
1525	3562	3563	775	3903	357	
2865	358	757	3966	3967	
2148	286	3068	3069	1679	
1719	362	1490	826	1574	2687	1748	1749	
3716	3717	2451	1659	365	3125	
1586	366	1792	1442	1443	749	
3127	616	368	3434	3435	
628	3052	3053	1499	743	
901	3958	3959	1608	1609	727	
1811	374	792	1444	1445	
1625	2445	2444	3410	3411	
665	1457	2405	2150	3296	2151	
380	72	3686	3687	1619	761	
2478	756	2758	2759	1662	709	
1711	2336	2337	1559	1642	745	
844	3174	1390	1391	3808	2888	
2210	1244	2414	702	3702	1873	
390	3668	3669	1584	2431	
685	2668	392	394	3758	3759	
771	2258	2259	2764	1673	332	395	
3276	830	1824	1693	2468	1732	2469	
398	1314	1315	2218	2176	2177	
401	720	400	1987	893	1468	
1087	1086	3770	3771	403	
889	3266	3922	3267	1526	103	816	817	
2023	2952	2953	1540	3455	729	
408	3494	3495	2753	1521	931	
829	1351	3362	3363	1535	795	
807	2729	1867	1992	2518	2519	
414	2318	2319	1172	1600	1601	783	
1495	895	1862	417	859	
3754	896	3690	3691	3097	839	
657	2514	2515	1635	421	1894	
800	3438	3439	921	1969	
3706	788	1208	820	1616	1552	
2916	2917	2423	1737	1279	2275	
2311	3532	3533	3841	1947	429	
904	3186	3187	847	3230	431	
1408	3536	432	2946	2947	957	
1750	1918	2641	2828	2829	435	
2904	436	3554	3555	1567	803	
836	3561	438	1228	2785	2910	2911	
877	2978	2979	918	3017	919	
971	3433	855	769	3713	443	
1509	1968	3592	3366	3367	834	
972	3574	446	3920	3921	
3952	852	3472	3473	1834	1835	
450	3474	3475	3178	3179	1795	451	
804	3762	3763	3541	3540	929	
767	2290	454	315	1738	2202	
456	3676	3677	2450	457	3465	
740	458	1746	182	2230	2231	
945	1909	3739	1483	1415	2598	
870	2871	2266	2267	2546	2547	1683	
3851	3850	933	464	1784	1785	977	
2190	917	2178	2179	1769	925	
468	2014	3588	1966	3392	3393	883	
857	470	3081	3080	3050	3051	963	
915	1927	3617	986	1776	2402	2403	
983	474	1888	1889	3582	861	
476	3650	3651	2066	923	
840	966	2074	3629	1847	2522	2523	
2002	960	1820	1006	2042	2119	2043	
482	477	2722	2878	875	
955	2835	484	98	3792	3793	
1881	865	2012	2013	1971	993	
1999	1942	2981	1943	2612	2613	
1436	3640	3641	1913	935	
907	3742	3386	3387	1959	3775	991	
2967	959	3919	3872	3873	495	
496	1954	1938	1027	1939	497	
3553	1043	2458	2459	1743	2573	939	
3466	3467	1790	204	3546	3547	
965	3751	1022	2114	1023	2115	503	
2508	2509	3114	504	3115	1021	
975	2832	3427	2005	2031	1025	
508	2316	1032	2951	2950	1004	2251	2250	2038	2039	1970	509	
510	1874	3534	3535	1045	
512	152	3341	3143	1973	1031	
1014	2077	1072	2085	2124	515	
1050	516	3144	3145	1997	1013	
1060	2061	518	2166	2167	1069	
520	1065	1099	1322	3206	3207	
522	1468	893	1822	1823	
524	1033	5	2066	3651	1028	
3905	526	1664	64	3164	3165	
1116	2760	2761	2071	2089	1063	
530	1026	2053	140	1096	1097	
1105	3883	532	535	266	3424	3425	
1066	2054	3060	3061	2165	1041	
1991	1516	1137	75	1990	
538	150	539	272	525	2048	
1113	540	2804	2805	1081	
1225	1150	3338	3810	3811	3029	
1175	3864	3865	15	1094	2999	
546	2965	2964	1040	45	2062	2063	1047	
3130	2592	2593	1202	2225	1203	
550	1086	1087	3764	234	3318	3319	
1141	1159	3600	3601	553	
1107	554	1170	3405	3794	3795	
556	160	569	1190	2127	
1074	3812	3813	1185	1978	
1186	1187	297	3796	3797	
1155	562	2650	2651	3383	1129	
2810	1052	3638	3639	265	565	
566	323	2112	2244	2113	1103	
1157	2545	568	3602	646	82	1084	1085	
1119	570	2464	2465	129	1115	
572	197	3063	897	2936	2937	
3139	1197	1266	3264	3265	575	
1252	3516	283	1120	577	
3437	3036	3037	1198	1199	1261	
1131	3384	3385	1260	3008	2142	
1191	1494	56	2060	583	
584	2556	2557	2345	1231	
3522	118	1846	3747	3214	3215	1475	
588	1335	2152	3010	3339	3011	
1272	2858	2859	1168	3975	1169	
1363	3963	592	289	1267	2448	2449	
1338	2660	2661	595	3926	95	
1366	2886	2887	1290	63	1291	
2274	28	3452	3453	599	
1235	2770	1180	1181	601	
1188	602	90	3936	3937	1417	
1091	3416	3417	153	3202	1211	
1382	606	1692	40	3870	3871	
1193	608	209	2628	2629	3620	609	
3909	1263	1353	2700	2701	1213	
1269	2538	2539	1201	613	
1078	1302	3118	3119	615	
2135	1177	2692	2693	1110	
1125	3868	3869	2929	355	619	
3023	2922	2923	1550	1551	
622	3538	3539	1528	3637	1529	
624	2280	2958	2861	1077	
286	2148	2989	2149	1285	2348	
1514	628	743	2490	2491	1387	
1143	3128	3129	96	1286	1221	2808	
1101	2322	2323	321	1590	633	
634	179	654	2569	2568	635	
444	2506	2445	1625	637	3397	
1153	2209	1588	2892	2198	639	
1250	3586	3587	1545	2408	641	
1274	1446	1447	2806	2807	643	
1377	644	1068	1240	337	1241	645	
1258	646	3602	3603	1237	
648	3600	1159	1158	2540	2541	1307	
1178	650	102	207	980	1630	1631	
652	72	380	3924	3925	
1165	654	179	1497	1600	1172	1173	
1479	3949	119	656	3376	3377	1437	
1449	1204	658	280	523	1448	
3910	1392	660	2642	2643	661	3982	
1093	3229	1504	3038	3039	1454	
3084	1594	664	210	2554	2555	1457	665	
3860	1341	666	1472	3688	3689	
1428	3928	668	1350	27	3346	3347	
1336	670	599	3453	1311	2188	2189	
672	329	1378	3718	3719	673	
2682	314	674	953	3034	3035	1313	
3082	1282	676	3636	3800	3801	
2787	678	3487	2694	2695	1317	
680	3900	576	3299	8	3288	3289	
1270	682	1292	2531	683	724	
684	24	1930	2370	2688	2689	
686	3652	2463	1660	2681	1661	
1409	688	3216	3217	241	1414	
3964	1278	2374	598	1522	2375	1727	
1389	1008	2112	323	1503	3163	
1300	2990	2991	3726	1100	1381	
696	1777	2872	2873	3155	1369	
2846	2847	2144	1486	2755	699	
700	3343	1465	312	781	3745	
1533	3317	3316	2372	703	
1492	704	2424	300	2342	2343	
1229	706	2954	1996	3896	3897	
1662	3160	3161	383	709	
1371	1455	710	348	2616	2617	
1501	2577	712	343	168	2486	1485	
181	165	2737	1411	361	
3030	1502	716	2550	2481	717	
1872	718	3316	3317	3824	3825	1295	
720	401	1469	1917	1246	1247	
722	1220	2808	1221	2809	
1400	3696	3697	725	335	
1609	2941	2128	2654	2655	727	
987	30	3027	3968	3969	1373	
3783	1633	3310	3311	1364	3599	1365	
2176	2218	2219	2492	232	3614	733	
2656	734	1697	2499	2638	2639	
2144	2847	736	3134	3135	
1793	738	1376	149	1442	1792	
1375	3496	3497	1450	1451	
742	2942	2196	2197	1499	3053	1557	
1642	3180	3132	3133	2827	745	
2888	3808	3809	264	1627	
1443	748	101	1248	1249	749	
1519	3323	750	1452	3888	2939	
2388	752	3428	3429	753	
754	3136	3137	1332	1333	
3671	756	2478	2479	1628	1629	1731	
3779	758	2396	2397	311	1276	1277	
1343	1613	1689	3422	347	3423	
2456	2457	2169	1433	2614	
1570	1578	2710	3707	2711	
1512	766	798	3548	3549	2291	
768	2658	2659	2366	2367	1691	
3236	1344	770	2634	2671	1305	
1320	772	3736	338	2751	1799	
774	2742	77	3941	3224	3225	
1459	1328	1722	1723	2594	2595	
778	647	3048	3049	2207	
1860	3006	780	2774	1720	2775	3744	
1601	782	1753	1674	899	783	
784	1719	1749	1510	363	785	
3195	786	2924	277	1474	2400	2401	1569	
788	3706	2591	2710	1578	1607	
790	3930	3931	1554	1555	
1708	1709	2059	165	181	2988	714	793	
1535	3235	2532	2533	2442	795	
2430	796	3768	3418	3419	797	
3077	166	279	3182	3394	3395	
800	1969	3366	3592	3593	1704	
1567	2321	2890	2891	1489	803	
804	929	3972	3973	1735	805	
3769	1807	2253	2728	2729	807	413	
1583	2956	2957	3445	1473	809	
240	2418	2419	2381	1415	1483	
812	325	366	1586	1587	
1573	814	3148	3684	815	
816	1527	1916	1816	1817	2003	817	
3519	818	2716	2717	1751	
1696	3558	3559	2195	821	
1736	3976	3977	191	823	
1840	3660	3661	1952	397	825	
1748	2687	1575	2738	305	2739	
1640	2501	2500	2426	2427	3281	
1824	830	3140	3141	3222	831	
832	1304	1298	2688	2370	2371	1665	
834	220	3178	3475	1509	
3818	1941	836	2911	707	2254	2255	
3691	838	1812	3279	1813	3096	3097	
1413	2482	2483	3201	1895	841	
3953	1687	842	3330	3331	231	
387	2536	2238	2239	500	2877	
3187	846	2744	2745	1653	847	
1669	3247	2826	2827	3133	385	849	
1623	2327	3333	1757	851	835	445	
3472	852	448	990	2968	2969	
854	404	1214	2697	1779	2696	
1666	2839	856	2588	2589	19	3275	
1862	81	416	1876	1877	415	417	
860	3332	228	1667	3167	
1919	862	46	3102	3103	1707	
864	1788	1789	486	2012	865	
3804	1548	1396	164	3814	3815	
3551	1634	2836	2837	3271	37	1438	
1471	870	1683	1682	3761	2226	2227	1725	
1901	872	3152	3153	1761	
2505	1577	2883	985	1937	3171	
3430	1506	876	594	2398	2399	1781	
3970	1712	878	2634	770	3528	3529	
1747	880	11	3212	3892	3893	
3393	1925	2328	2329	1829	3110	883	
884	2330	3198	3199	3499	1637	
3189	886	2604	2605	1882	1883	
3267	3922	3923	2766	62	1796	
637	1646	3396	1255	3397	
400	892	1818	38	1986	1987	
895	1495	1752	894	56	1494	326	
1671	896	3754	3755	1843	
1770	898	2270	16	2271	1850	
1654	900	2932	95	3926	3927	
1903	2895	2730	2434	2435	903	
1561	3956	3957	1580	3409	1581	
1814	906	2874	2875	1772	1773	
3500	908	3470	195	1372	2672	2200	2201	
3907	1945	1871	436	2904	2905	
912	238	38	1818	1819	
914	85	2958	2280	2281	1927	915	
1830	916	1740	232	2492	2493	
918	161	3740	1206	3016	3017	
920	3086	3087	2534	217	1905	
1859	1898	2551	1576	2878	2722	
1649	924	3912	3913	1768	
1739	926	3950	3951	1699	
928	3462	1656	453	1657	
1521	930	3012	3013	1809	931	
932	2276	3370	3371	1491	
1913	2524	2525	947	3375	935	
1844	1762	3120	3121	170	2665	2134	
1743	1934	1935	3787	2572	2573	
1794	1928	940	2286	2287	3508	941	
1993	42	3902	1914	1915	
2726	2727	1482	1909	945	2599	
1950	3270	3271	2837	1804	1805	
948	2320	2180	2181	1979	949	
1791	3611	2610	89	1984	1985	
2037	2993	952	3624	3625	
2986	2028	954	2312	2446	2447	1565	
2947	1967	956	3596	3597	957	
1906	2217	3918	1907	3919	959	
1921	960	2002	405	2003	1817	961	
2011	2624	2625	1596	2995	1949	
1782	964	1716	3750	3751	965	
2074	966	3746	3747	1846	
968	25	1538	1868	2648	
970	223	1527	816	103	1598	2058	
1741	3658	3659	447	3799	1786	2747	
3272	2001	974	1652	3196	3197	
1785	1878	1879	243	465	1896	977	
1682	1683	2547	879	979	
1955	980	207	1816	1916	981	
1948	3088	2585	2078	2079	
2182	3208	3209	3100	1936	
3568	1776	986	2040	2528	2041	2529	
988	117	3232	3233	3693	1853	
990	448	231	3331	2896	2897	
2013	992	1009	509	1970	1971	
1953	3446	3447	1998	995	
2365	1961	996	2346	2204	2205	3650	476	
1874	510	3262	1875	2812	998	1965	
1000	3710	2141	3711	2018	1463	
2944	3108	2714	2715	2513	1975	
1004	272	539	2898	3673	3024	2251	
2042	1006	2927	199	1533	703	2373	
1833	2032	2285	2033	3248	2092	2093	508	509	1009	
1010	1614	1790	3467	2277	
1012	2784	252	2340	2762	2763	
1014	515	1089	537	1989	2076	
2466	3282	3283	495	3873	1982	1983	
1018	14	281	1015	2096	2097	
245	2714	3108	1002	3109	1462	
3274	2114	1022	3081	470	
2005	3776	3777	2289	2031	
1026	530	1057	17	1774	2052	
273	2798	3314	3315	2067	1029	
1973	1030	2390	3057	2391	1031	
2950	525	272	1004	
2069	1034	2462	2463	3652	3653	
1036	659	1204	1449	1988	1037	
3612	1038	2592	3130	3605	2107	
2165	1040	2964	2705	2704	1041	
2073	3398	3399	2056	2333	
3535	2051	2794	2795	950	511	1045	
2900	2901	59	2630	1977	
3721	1048	2101	2706	3862	3863	
2131	1050	1013	3372	2090	3373	
2017	1052	2810	2811	2971	2081	
3880	3881	2509	2508	2161	
1056	2120	2121	17	1057	
3177	3176	2117	2168	547	2429	267	
1060	1069	2146	2147	1205	1061	
2071	1062	3590	3591	2089	
1064	2268	2564	2565	2549	
1066	1041	2704	3485	2123	
2167	270	2120	1056	519	2146	1069	
1070	527	2240	3556	2740	2741	
1072	514	1880	120	2084	2085	
2633	2708	2709	1075	2909	910	
1076	94	3950	926	3656	3657	
1078	615	787	3505	2768	2769	3649	
2103	130	259	3458	2026	2626	2627	
1082	222	522	1823	1019	1083	
1084	416	81	1863	2126	1190	569	1085	
3770	1086	550	3226	3978	3979	
1088	536	1516	1991	537	1089	2125	
2006	2852	2007	300	2424	2425	
1092	3228	115	3229	1093	663	
1094	3244	1386	291	2998	2999	
1096	280	658	271	531	1097	
1098	3300	3301	1099	1065	
2297	1100	3726	3727	1238	
2113	2245	2171	1217	1103	
1104	58	3882	3883	1105	
1106	2446	2312	2313	2229	2157	
3412	1108	2620	290	3350	3022	1109	
1110	202	2664	1111	3073	2135	
2677	1112	2264	2265	2632	540	1113	
1114	3852	3853	2679	2678	
1116	1063	3345	529	2906	2907	
1118	1412	49	887	2702	2703	
2376	3440	3441	133	560	1121	
1122	3286	3287	1170	554	2228	
2133	1124	3916	3917	618	1346	
1126	2300	1678	1102	1127	
2651	1128	1452	750	3382	3383	
1130	2136	1174	290	2620	2621	
2129	85	914	3780	3004	3005	1133	
1134	2750	2751	338	3784	3785	
2060	1136	141	75	1137	583	
3414	29	923	2066	5	2284	
3056	1140	1612	73	2452	2453	
1142	2848	1456	2930	630	2931	
2153	542	2948	2949	3365	1145	
2104	3314	2798	2799	151	1147	
1148	3188	136	1644	307	2484	2485	
1144	2526	2527	349	1151	1505	
2209	3210	3211	3724	638	1588	
2248	3312	3313	43	562	1155	
308	3308	3309	2544	2545	1157	
1158	2436	2437	2733	135	2540	
1160	3156	1338	95	2932	2933	
1162	3773	754	1333	3478	3479	
1164	334	2471	2569	654	1165	
1166	2314	2315	101	748	1167	
1168	2718	674	314	3974	3975	
1170	3287	1059	125	3404	3405	
1172	2319	1301	2990	1300	655	1173	
1174	2136	168	343	2256	2257	
1176	1763	211	3297	2292	2293	2692	1177	
1178	1631	651	324	739	1179	
1180	2771	3151	3074	3075	1181	
1182	146	556	2127	2172	1517	327	2173	
3813	1184	504	3114	3158	3159	1185	
1186	3328	3329	60	1090	1187	
1188	1417	603	3571	3680	3681	
2126	1863	326	1494	1191	582	557	
2831	2830	3506	3565	608	1193	
1194	3298	3299	576	1195	
1196	828	2920	627	10	1266	1197	
1198	941	3508	3509	3009	1199	
2539	1200	2776	2748	1865	2819	1201	
1202	2516	278	1406	54	2224	2225	
659	1036	1990	75	141	1061	1205	
1206	3740	3741	3261	1275	1207	
2417	2772	2773	1904	1209	
3461	1210	1378	329	3838	3839	
1212	1147	151	2347	2358	71	2359	
1214	1796	62	1778	2697	
1216	1899	237	114	3162	2272	2273	
1218	3668	390	1620	3394	3182	
1220	722	3642	1402	3306	3307	
2303	3842	3843	317	1223	
3079	1224	1528	3539	90	602	3626	2260	2261	
1226	3184	564	958	2242	2243	1227	
1228	1564	26	252	2784	2785	
2557	1230	296	2377	561	2344	2345	
2263	86	3538	622	3978	3226	3227	
3219	1234	3550	66	3892	3212	3213	
1236	309	3685	364	3734	3735	
2322	1101	1238	3727	2350	2351	1239	
1240	33	203	1753	782	337	
1242	2973	91	3294	3295	
1244	2210	3566	389	1245	1303	
1246	223	970	104	721	1605	1247	
1248	1704	3593	79	2735	377	1647	367	1249	
3327	3364	3365	2949	1251	319	
3516	1252	1195	576	3900	3901	
52	636	776	444	3397	1255	
3584	3634	3635	1780	1257	
2821	2820	3580	1349	2158	
1260	3385	340	3436	3437	1261	
3820	3672	3821	610	1353	1263	
1264	580	3300	1098	3752	3753	
3264	1266	10	2921	2366	2659	
1268	201	3944	3945	2538	1269	
2150	2405	2404	2914	2915	1271	
2743	1272	1169	591	2542	2543	
1274	643	609	3620	3621	
1276	2796	2797	1395	1394	1277	
2275	1278	3964	3965	2916	
1280	2232	2233	1772	2875	1281	737	
1282	3082	3083	1520	1283	
2149	360	3502	3503	1285	
1286	96	3334	3335	1287	
1288	3732	3733	881	1289	
63	2496	2497	3040	1291	
2530	2531	1292	378	2984	310	2235	
1294	3259	777	1888	474	3172	3173	
3024	2899	3025	2250	2251	
1298	1304	392	2668	2669	
1300	1381	3678	3679	655	
614	206	3044	3045	2211	274	
2635	394	392	1304	832	2670	
2541	2586	2587	649	1327	1307	
3026	1308	3107	194	3518	1309	
1310	2325	1192	2844	2845	
3035	1312	3402	3403	1313	
1314	3232	117	3098	3099	1315	
2695	1316	3730	3731	1645	1317	
2517	1318	3906	437	3378	3379	
3570	3798	3799	447	1321	
1322	1099	3301	144	3890	3891	
1324	1393	345	2502	2503	
134	513	2559	3720	3700	261	3701	
1458	3258	3254	3255	376	1624	
2343	3146	1972	705	1331	1492	
1332	3292	3293	755	3478	1333	
2409	1334	3352	3353	1335	588	
1336	2189	1467	671	147	1337	
2660	1338	3156	3157	88	3760	1339	
3874	3875	158	666	1341	
1342	2578	2579	760	1613	1343	
2155	3361	1344	3236	3237	1152	1345	
3869	1346	618	994	2928	2929	
3049	1348	32	2790	97	2206	2207	
2427	1350	668	3280	3281	
150	538	1297	303	2700	1353	610	
1354	1643	2044	2724	2725	
1356	2628	209	1724	2862	
1358	61	3643	2918	2919	1359	
3836	3837	494	1907	3918	1361	
2247	1362	3962	3963	1363	
1364	2970	499	3598	3599	
2521	2520	1366	1291	3040	3041	
2873	1368	406	3154	3155	
1370	2778	107	744	3942	3943	
3969	195	3470	3471	1541	1373	
2756	1374	1347	3368	3369	
1376	738	53	644	1377	
3718	1378	1210	1211	3202	3203	
100	2470	334	1164	695	
1382	3871	1135	607	551	3018	3019	
1384	3805	331	597	143	3204	
2491	1386	3244	3245	629	1387	
1008	180	375	692	2244	2112	
1390	2460	386	2461	746	2164	1391	
1392	3910	3911	345	1393	3337	
1394	176	3778	3779	1277	
2511	2510	866	3192	3664	3665	
3435	2270	898	3126	3127	
3696	1400	3356	3357	1293	1401	
2675	1402	3642	3643	61	1403	
1404	2800	2801	681	1405	3573	
1406	278	2600	2601	1407	
1408	957	3597	2045	2779	2472	2473	
361	1411	715	360	2149	2989	
3932	1412	1118	2678	2679	478	2308	2309	
2419	1414	241	51	2380	2381	
1416	306	3784	338	3736	3737	
1418	3974	314	2682	2683	1419	
1420	3886	3887	2721	1421	
1422	3078	2720	2721	3887	48	1423	
1424	1827	173	3058	3059	1425	
1426	356	590	2962	2963	1427	
1428	3347	669	3028	3029	3811	1429	
1430	2666	2667	2622	1508	1431	
3763	2392	547	2168	1058	3541	
1434	849	385	439	2912	2913	
3377	490	420	2866	2867	1437	
1438	3732	1288	66	3550	3551	
1440	2674	672	673	2282	2283	
1442	149	336	1167	748	1443	
1444	1708	793	2300	1126	692	375	1445	
1446	3260	642	160	556	146	1447	
1448	2096	1015	269	1988	1449	
1450	3305	1951	2184	2185	741	1451	
2938	751	2939	3888	3889	1453	
1454	3039	349	2527	187	2378	2379	
2555	1456	2848	2849	2404	2405	1457	
1328	2444	2445	2506	2507	1722	
1460	3960	3834	3835	684	2689	1299	
2018	3380	3381	2015	3111	1463	
3745	1464	2906	529	3342	700	
1466	2806	1447	146	1182	671	1467	
1468	522	222	1938	1954	1469	401	
2324	2870	2871	870	1471	
2957	1472	666	158	3444	3445	
3215	277	2924	2925	1475	
1476	3490	3112	3113	3961	190	1477	
1478	2075	3948	3949	1479	
1480	2578	1342	2454	1481	
1909	1482	460	2222	3738	3739	
341	2143	3067	579	713	169	
1486	2144	3135	737	1281	2754	
2891	1488	2652	1870	2653	1489	
3371	1490	362	464	933	1897	3749	1491	
2368	3340	3341	152	1493	
326	1863	81	1862	895	
634	1496	645	1241	1497	179	
2197	2360	2361	2490	743	1499	
2192	2193	2576	2577	1501	
3163	1502	3030	3031	1389	
3038	1504	662	186	2840	2841	
1506	3430	3431	1357	1507	
1508	2622	891	2623	2734	
363	2173	327	155	1511	785	
1651	2203	3981	3938	3939	
2603	3032	3033	2362	212	1515	
536	1088	155	327	1517	1183	
3450	1518	60	3329	3322	3323	1519	
3495	1520	3083	235	593	2752	2753	
598	2374	2802	2803	2413	
1524	2976	2977	1563	653	3562	1525	
1526	404	854	1215	442	1598	103	
1528	1224	402	3800	3636	3637	
1530	389	3566	3567	1543	587	
1532	388	3824	3317	1533	199	
3363	186	662	3234	3235	1535	
3654	1536	3572	1405	681	1537	
25	968	2649	3520	3521	3734	364	
1540	226	728	3454	3455	
1542	586	3628	118	3522	3523	
3587	1544	3608	3609	1545	
1546	698	2846	699	3866	3867	
1548	3804	3805	1384	3205	1549	
1550	145	3982	661	3983	1551	
3559	1552	1616	2788	216	2194	2195	
1554	6	3046	3047	1745	1555	
1556	1493	152	512	3862	2706	2707	
2337	3878	3879	3942	744	1559	
2732	1560	3092	3093	3956	1561	
1562	2992	2036	55	2488	2489	
2447	2834	2835	955	2111	1565	
3555	1566	44	2180	2320	2321	1567	
2401	3504	3505	787	1569	
1606	1570	2711	765	428	2356	2357	
3309	3308	2824	2825	814	1573	
1574	826	2686	3630	501	
2723	1899	1216	2504	1577	2505	
1607	342	2576	2193	1579	1208	788	
1580	1163	3007	313	3408	3409	
1582	2856	2857	808	2956	1583	
1584	76	1806	796	2430	2431	
1586	749	1249	367	813	1587	
2198	2892	2893	333	1513	1589	
1590	321	2305	2854	2855	1591	
1592	1296	1352	763	762	2456	2614	2615	
2339	1594	3084	3085	3238	1595	
1949	475	3914	3915	1597	2011	
1598	442	3432	3433	971	1599	2058	
1600	1497	1241	337	782	1601	
3927	1602	2868	2869	1603	1654	
1604	892	400	720	1247	1605	
1570	1606	764	342	1607	1578	
1608	2199	159	3980	2941	1609	
1610	3524	224	1828	2780	2781	
1612	1140	260	752	2388	2389	
2877	205	2087	2186	2187	1615	387	
424	3934	3935	2315	2314	
1618	1453	3889	381	193	2974	2975	
1585	797	3419	391	3802	3803	
1622	450	451	850	3406	3407	
3411	3816	3817	1646	637	1625	
1626	112	3806	2537	3807	747	
1628	3822	3823	2387	1629	
1630	497	1939	651	1631	
1632	2740	3556	3557	730	3310	1633	
2515	1439	869	3302	3303	1635	
3199	1636	3947	735	3498	3499	
1638	3220	3221	248	1694	1639	
829	795	2442	2443	1641	
3132	3180	3181	219	2044	1643	
2440	2786	2787	1317	1645	
3396	1646	3817	890	1821	813	367	1647	
2179	3290	3291	924	1649	1769	
3549	1650	84	1273	454	2290	2291	
2745	1652	974	3526	3527	1653	
901	727	2655	3480	3481	
453	1896	465	2236	2237	1657	
3717	1658	779	937	1845	457	2450	2451	
1660	4	1964	999	2680	2681	
3160	1662	2759	1611	22	2384	1663	
1664	526	258	3604	3544	3545	
1893	3576	3577	3166	3167	1667	
2307	3898	236	3246	3247	1669	
3062	1670	196	3704	3388	3389	
2764	2765	2856	1582	3725	1673	
1674	859	417	415	1675	899	
2552	2644	2645	944	1677	
3069	105	714	2988	1679	
1680	3708	3709	483	1681	1857	
1682	979	1339	3760	3761	
1684	435	2829	863	2684	2685	
2902	1686	466	3788	2432	2433	1801	
1688	346	3451	751	2938	3168	3169	
2367	2843	1410	3712	1691	
3826	1692	606	3728	396	3729	
1694	248	2432	3788	3789	1695	
1696	821	1553	2498	2499	1697	
3951	1698	2940	927	1699	
3360	174	2154	595	2661	2278	2279	
1702	2582	1868	1538	3684	3148	3149	
1704	1248	101	2315	3935	1617	3438	800	
3103	1706	93	2636	2637	1707	
1708	1444	792	721	104	1709	
1710	848	3208	2182	984	2183	2336	1711	
1712	3970	3971	2021	1713	
1714	3774	3775	1959	1715	
3750	1716	3594	2570	1717	1980	
1073	154	1784	464	362	1719	784	
1720	2774	183	2757	3094	3095	
1722	2507	851	1757	221	3848	1723	
2227	3564	3507	871	1725	
2375	2438	2439	691	1727	
3464	1728	908	3500	3501	
1730	200	1054	3670	3671	1731	
1732	2468	3150	3151	2771	1733	
1734	2236	465	243	2298	2299	
2917	1736	823	978	2422	2423	
2202	1738	2352	2353	3656	926	1739	
1740	916	3876	446	3574	3575	
2459	3488	3489	938	1934	1743	
1744	1852	398	2177	2646	2647	
2230	182	2822	2823	214	3606	3607	
1748	2739	827	2412	1337	147	1510	1749	
1750	435	1684	2200	2672	2673	
1752	1495	859	1674	1753	203	
3946	425	734	2656	2657	
2327	2326	1756	228	3332	3333	
1758	3076	3077	3395	1621	
1760	31	2356	428	3198	2330	2331	
3120	1762	936	1595	3238	3239	
1764	2474	626	3068	286	2348	2349	
769	1397	768	1691	3712	3713	
1768	383	3161	2420	2421	925	1769	1649	
2783	369	1851	1675	415	1877	1771	
1772	2233	2574	2575	1773	
1774	17	2121	53	738	1793	1775	
2402	1776	3568	3569	2872	1777	
1778	62	2766	2767	2520	2521	
1780	3635	697	13	2583	2212	2213	
1782	965	503	521	2162	1783	
1784	154	2084	120	976	1878	1785	
1786	773	3055	233	2746	2747	
1788	14	1018	74	1789	
2467	1017	3263	3610	3611	1791	
1792	366	325	1179	739	1775	1793	
3179	1794	941	1198	3037	1795	
1796	1214	404	1526	3267	
2751	2750	3054	3055	773	1799	
231	448	852	3952	843	3953	
2966	1802	3806	112	3448	1803	
1804	3374	3375	947	1805	
1806	76	1842	419	2252	2253	1807	
3013	3020	409	1882	2605	1809	
1810	1832	912	1819	913	374	1811	
1812	109	1834	3473	3278	3279	
1814	1773	2575	3742	907	3743	
1816	207	102	961	1817	
1818	892	1604	913	1819	
480	148	1920	812	1587	813	1821	
1822	74	1018	2097	1019	1823	
3140	830	3276	3277	489	1825	
1826	3256	3257	173	1827	
2329	1828	224	3242	3243	1829	
1830	2493	1695	3789	917	2190	2191	
1832	1810	180	1008	1389	3031	693	1388	2032	1833	
1834	109	2748	2776	2777	1835	
1836	3914	475	861	3582	3583	
1838	2562	1866	3674	3675	
3660	1840	824	3856	3857	
1842	76	1584	3669	2580	2581	
937	779	3828	3829	
1846	118	3628	3629	2074	
1848	3004	3780	3781	473	1849	
1850	414	783	899	1675	1851	1770	
3233	1852	1744	215	3692	3693	
1854	1797	889	817	2003	405	1855	
874	2407	3284	3285	1857	1681	
29	3414	1139	1138	3415	
1860	3744	781	312	3042	3043	
416	1084	82	2820	2821	2159	858	1876	
1864	418	2818	2819	1865	2749	
1866	2562	2563	3390	1992	1867	
2648	1868	2582	2583	13	1869	
2905	2653	1870	437	3906	3907	
1872	1295	21	719	3618	3619	
3534	1874	1965	2813	3324	3325	
1876	858	171	1259	2664	202	1771	1877	
1878	976	487	239	1879	
1880	514	2083	864	865	1881	
1882	409	3021	3832	3833	1911	1883	
1884	555	253	517	2383	
1886	236	3898	1668	3899	1887	
18	2594	1723	3848	3849	
1890	2650	562	43	2566	2567	
19	1023	2114	3274	3275	
2483	421	1635	3303	3200	3201	
1011	3748	2095	3749	1897	
1898	922	2480	2481	2550	2551	
2310	1900	1379	212	2362	2363	
123	2553	461	2894	2895	1903	
217	3250	3251	921	3439	1905	
1906	3449	958	564	2216	2016	2217	
2727	1908	2596	2597	460	1482	
1910	136	3188	3189	1883	1911	
1912	3594	1716	964	2934	2294	2295	
1914	3903	775	2850	2851	1915	
1916	1527	223	1246	1917	981	
1918	434	3298	1194	2214	2640	2641	
148	480	1820	960	1921	
1922	2460	1390	3174	3175	1923	
1924	2946	432	810	3738	2222	2223	
2281	1926	3616	3617	1927	
2286	940	3250	217	2534	2535	
3164	64	1930	24	2494	2495	
1932	985	2883	2882	3482	3483	
1934	938	65	3786	1935	
1936	3170	3171	1937	984	2182	
1938	222	1082	140	2053	1027	
1940	3560	3561	836	1941	
1942	3895	488	507	2980	2981	
1080	2908	2909	1075	3554	436	1871	
3533	1946	885	3840	3841	
1948	2079	3623	2994	2995	1596	
1950	1805	947	2525	2394	2395	
2996	1952	3661	214	2823	3446	1953	
496	497	1630	980	1955	
2434	2730	1956	2731	640	1957	
3387	1958	3714	3715	1715	1959	
476	923	29	3415	2879	2364	2365	
3705	1962	2864	2865	3967	359	1963	
3113	1964	4	3834	3960	3961	
1966	3588	3589	956	1967	
1968	1509	3475	3474	3790	3791	423	
1970	2039	239	487	993	1971	
3143	3142	3240	3241	1030	1973	
2715	1974	498	2332	2512	2513	
1976	2561	3540	3541	1058	3645	2560	
2181	559	2712	2713	2386	1979	
1717	2570	3595	2571	1981	2010	
1982	1875	3262	3263	1017	1983	
1984	80	501	3630	3631	1985	
1986	486	1789	74	1822	893	1987	
1988	269	2076	1989	1037	
1990	1036	1037	1989	537	1991	
2518	1992	3390	3391	42	1993	
1994	430	1487	184	3420	3421	
3145	1996	2954	2955	1997	
1998	3894	3895	1942	1999	995	
2000	116	3916	1124	3400	3401	
2002	2043	2793	481	2815	1855	405	
2833	2004	3774	1714	1800	3426	
2006	2425	3460	3461	3839	605	
121	2663	805	1735	1005	2009	
1981	2571	656	119	3844	3845	
2012	486	1986	38	238	992	2013	
468	883	3110	3111	2015	
3662	2216	564	3184	3185	
1462	3954	3955	1020	245	
2020	3854	3855	393	1713	2021	
2022	97	2790	969	2952	2023	
2024	2070	3359	528	2025	
2741	2026	3458	3459	1070	
3253	2028	2986	2987	485	2029	
3777	2030	3098	117	988	2288	2289	
2032	1388	322	1139	3414	2284	2285	
2034	70	2698	1977	2630	2631	2035	
2036	2992	2993	2037	1891	2719	
2038	2009	1005	2298	243	1879	239	2039	
2528	2040	3106	3107	1308	
2119	2415	2792	1007	2793	2043	
219	3181	107	2778	2779	2045	
2046	548	1038	3612	3613	
2317	2093	2092	2067	3315	
2050	3112	3490	3491	2794	2051	
2052	324	651	1939	1027	2053	1026	
2054	1066	2123	3578	3579	
2056	2029	485	2512	2332	2333	
1599	971	443	1767	2736	2737	165	2059	
1136	2060	56	894	518	2061	
2062	2900	1977	2698	2699	2063	
3115	3512	3513	2019	2065	1021	
1028	1858	273	1029	3249	524	
3653	2068	292	2240	527	2241	2069	
3359	2070	254	257	2564	2268	2269	
3552	2072	565	265	1042	3002	3003	
2522	1847	967	3884	3885	
2076	269	1015	281	2082	2077	1014	
2078	719	21	3622	3623	2079	
2811	2080	139	499	2970	2971	
2082	281	14	1788	864	2083	
2084	154	1073	1718	2124	2085	
242	2606	2607	2087	205	
3591	2088	3344	3345	1063	2089	
2090	3372	2382	3355	2091	
2092	3248	3249	1029	2067	
57	3370	2276	2277	3467	3466	
2096	1448	523	1083	1019	2097	
2098	2238	2536	3807	2537	1016	
1325	69	2196	2942	2943	
263	2908	1080	2608	3090	
2951	1032	1146	1297	538	2048	
3131	2106	3	833	3544	3604	
2108	3700	3720	3721	3863	2109	
2110	225	1002	3108	2944	2945	
2245	1127	1102	2354	2355	2171	
1023	19	2589	1892	256	2115	
2116	3644	3645	1058	2168	2117	
2373	36	2415	2119	2042	
2120	270	1068	644	53	2121	
2704	2705	2122	244	3484	3485	
2124	1718	268	2125	1089	515	
1190	2126	557	2172	2127	
2654	2128	726	2860	2959	1132	
2130	3348	3349	516	1050	2131	
3772	354	2410	2411	3868	1125	
170	3121	3072	3073	1111	
3066	2487	1130	2621	2175	581	
2138	230	3698	3514	3515	2139	
3525	2140	3880	2161	3510	3511	469	
3067	2142	3008	3009	3509	579	
3134	736	2455	352	3646	3647	
2146	519	531	271	2147	
3502	360	715	1690	1284	574	
3296	3297	211	379	2151	
3010	2152	2526	1144	3810	3338	
2880	174	3360	1700	3361	2155	
2313	2156	1123	1122	2228	2229	
2158	3716	3125	2159	2821	
3881	2160	108	3158	3114	2509	
2565	2162	521	2221	2548	2549	
3061	746	2461	45	1040	2165	
2166	33	1240	1068	270	2167	
2393	2429	547	2392	1432	
2355	2354	2960	2961	567	189	
2172	557	582	1183	1517	
34	3190	3191	581	2175	
2176	733	399	3930	790	2646	2177	
2178	466	1686	1648	3290	2179	
2180	44	1978	1185	3159	559	2181	
984	1937	985	1932	384	2183	
2184	255	2885	1117	68	1721	2185	
2186	845	3847	1923	3175	2187	
2188	304	298	1466	1467	2189	
2190	925	2421	467	1831	3877	2191	
1500	2816	2817	110	1929	789	1904	2773	
2194	2568	2569	2471	1553	821	2195	
2196	69	2502	345	3911	1498	2360	2197	
2198	1589	455	159	2199	639	
2200	1684	2685	1685	909	2201	
2202	1739	1699	927	3981	2203	767	
2204	1051	2347	151	2799	1960	2205	
2206	3828	779	1658	3581	778	2207	
2208	175	1345	1152	3210	2209	1153	
389	1530	1531	2211	3045	1245	
2212	440	2978	877	1781	2399	2213	
2214	1194	1195	1252	577	2215	
2016	138	3015	1361	3918	2217	
2218	1315	3099	1638	1639	2219	
2220	3752	1098	1065	520	2548	2221	
2222	460	2597	882	2328	1925	2223	
2224	808	2857	549	1203	2225	
2226	463	441	2862	1724	3564	2227	
2228	554	1107	2341	2157	2229	
2230	3607	1747	3893	1289	881	2231	
2232	172	3902	42	3391	942	2574	2233	
2234	3778	176	1239	2351	83	
2236	1734	2035	2631	2237	
2238	2098	2099	1614	1010	2086	2239	
527	1070	3459	2027	1035	1931	2241	
2242	3448	112	1626	1627	264	2243	
2244	692	1126	1127	2245	2113	
2246	677	1423	48	1362	2247	
2248	1155	1129	563	3517	2249	
2250	3025	2008	121	2009	2038	
2252	3096	1813	2	806	2728	2253	
2254	2912	439	1354	2725	1355	2255	
2256	1571	544	3864	1175	1095	3351	2257	
2258	2670	832	1665	1672	2259	
2260	163	2948	542	1150	1225	543	2261	
2262	306	1416	1232	86	2263	
2264	3786	65	2064	262	558	2265	
2266	462	2422	978	3854	2020	2267	
2268	1064	2163	1062	2071	2761	2269	
16	1398	3356	1400	335	2271	
2272	566	1103	1217	2406	2273	
690	2802	2374	1278	2275	1279	
2276	932	2876	2086	1010	2277	
2278	879	2547	2546	208	1701	2279	
2280	624	2302	316	1926	2281	
2282	429	1947	1441	213	2283	
2284	5	1033	2033	2285	
2286	2535	1929	110	169	713	2287	
2288	2980	507	3273	1025	2031	2289	
2290	767	2203	1651	2983	1512	2291	
2292	1271	2915	368	616	1399	2293	
2294	934	3358	2524	1913	3641	2295	
2296	1380	3678	1381	1100	2297	
2298	1005	1735	3973	2299	
2300	793	714	105	2170	1678	
2302	624	1077	1076	3657	1222	3842	2303	
759	3840	885	177	2854	2305	
2306	3144	516	3349	0	1668	3898	2307	
2308	3746	966	840	2482	1413	2309	
2310	2363	1901	1761	873	3532	2311	
2312	954	124	2156	2313	
2314	1166	801	2789	1705	424	
2316	508	2093	2317	2105	
2318	414	1850	2271	335	725	
2320	948	2864	1962	802	2890	2321	
2322	1239	176	1394	1395	2323	
2324	1471	1725	871	2325	1310	9	
2326	3406	850	111	2838	1756	
2328	882	708	2780	1828	2329	
2330	884	873	1761	3153	2331	
2332	498	2458	1043	2057	2073	2333	
2334	106	2014	468	2015	3381	2335	
2336	2183	384	50	1558	3878	2337	
2338	909	1685	664	1594	2339	
2340	252	26	1106	2157	2341	
2342	3666	1090	60	1518	1330	3146	2343	
2344	585	2853	1359	2919	1231	2345	
2130	2131	3373	2358	2347	1051	
2348	1285	3503	188	2500	2501	1765	2349	
2350	632	1401	1293	83	2351	
2352	3632	1419	2683	157	625	2353	
2354	1102	1678	2170	2301	2960	
2356	31	544	1571	2691	2357	
71	2091	3355	611	1213	2701	2359	
2360	1498	145	1550	2923	371	2361	
2362	3033	629	3245	872	1901	2363	
2364	997	1887	3899	1961	2365	
2366	2921	1284	1690	2842	2843	2367	
2368	1493	1556	370	2602	301	2369	
2370	1930	64	1664	3545	2371	
2372	702	2414	36	2373	703	
1522	1523	305	2738	1726	2438	2375	
2376	1121	3328	1186	3797	561	2377	
2378	711	3294	91	1371	2617	2379	
2380	902	811	2598	1415	2381	
3354	2382	3372	1013	1997	2955	1885	
2384	2596	1908	1	2385	1663	
2386	2713	1730	1731	1629	2387	
2388	753	1689	1613	760	2389	
3057	553	3601	2108	2109	2391	
1432	452	1433	2169	2428	2393	
2394	491	255	2184	1951	2395	
2396	2985	631	1143	2808	1220	3307	2397	
2398	350	1257	1780	2213	2399	
2400	3852	1114	1115	129	1568	3504	2401	
2402	1777	696	1256	473	3781	2403	
2404	2849	682	1270	2914	
2406	1217	2171	2355	189	3284	2407	
2408	1545	3609	318	1243	1334	2409	
2410	35	3400	1124	2133	2411	
2412	827	1523	1522	598	2413	
36	2414	1244	1303	2792	2415	
2416	820	1208	1579	2772	2417	
2418	3537	689	1409	1414	2419	
2420	2385	1	944	2645	467	2421	
2422	462	427	1470	1737	2423	
2424	704	604	3416	1091	3460	2425	
2426	828	1196	27	1350	2427	
2428	2169	2457	125	1059	
2430	797	1585	1620	390	2431	
2432	248	3221	842	1687	2433	
2434	1957	3326	162	1321	447	3659	2435	
2436	552	3456	1547	185	2437	
2438	1726	3477	2611	113	2439	
2440	1645	3731	679	601	1181	3075	2441	
2442	2533	411	287	2475	2443	
2444	1328	1459	1329	3410	
2446	1106	26	1564	2834	2447	
2448	3193	1549	3205	1385	2449	
2450	3677	1844	2134	3492	1659	2451	
2452	552	2436	1158	1159	1141	2453	
2454	3686	72	652	352	2455	1481	
2456	762	302	3404	125	2457	
2458	498	1974	1742	3488	2459	
386	2901	2900	2062	45	2461	
2462	1034	2494	24	684	3835	
2464	1808	1290	2887	2465	
2466	1983	1017	2467	3546	204	
1732	1733	824	1840	825	2469	
2470	2498	1553	2471	334	
2472	433	688	1409	689	2473	
1764	2349	1765	1641	2443	2475	
2476	50	384	1932	3483	2477	
2478	709	383	1768	3913	2479	
3268	2480	922	1138	1139	322	
2482	840	2523	479	1894	421	2483	
2484	3018	551	1233	1149	2485	
2486	168	2136	1130	2487	2137	
2488	356	1426	653	1563	2489	
2490	2361	371	291	1386	2491	
2492	2219	1639	1694	1695	2493	
2494	1034	2069	2241	1931	2495	
2496	3012	930	143	597	2497	
2498	2470	100	1380	2296	320	2638	2499	
2500	188	2920	828	2426	
2502	69	1325	2558	2100	2503	
2504	1856	2882	2883	1577	
2506	444	776	835	851	2507	
2508	1021	2065	1055	3510	2161	
2510	1766	164	1396	866	
2512	485	2987	1003	1975	2513	
2514	868	2836	1634	1439	2515	
2516	1202	2593	23	1318	2517	
2518	1993	1915	2851	943	2519	
2520	2767	330	275	596	2886	1366	
2522	3885	2075	1478	3468	479	2523	
2524	3358	2024	2025	491	2394	2525	
2526	2152	1335	3353	187	2527	
2041	30	987	3454	728	2529	
2530	2235	2234	83	1293	3357	
2532	1680	1857	3285	411	2533	
2534	3087	789	1929	2535	
2536	387	1615	2889	747	3807	
2538	3945	612	249	1200	2539	
2540	135	905	1306	2586	2541	
2542	3633	315	454	1273	2543	
2544	309	1236	568	2545	
2546	2267	2020	2021	3971	208	
2548	520	3207	2163	1064	2549	
2550	716	114	237	1576	2551	
2552	1677	2726	2599	461	2553	
2554	2636	93	2930	1456	2555	
2556	46	862	132	1230	2557	
2558	1325	2943	1049	2559	513	
2560	1047	2063	2699	1976	
2562	1838	41	3714	1958	412	2563	
2564	257	2935	1783	2162	2565	
2566	3034	953	1891	2037	3625	2567	
2568	2194	216	178	635	
3595	502	3376	656	2571	
2572	99	3598	499	139	939	2573	
2574	942	492	3386	3742	2575	
2576	342	764	2690	712	2577	
2578	1480	698	1546	192	2579	
2580	167	2936	897	1843	3755	2581	
2582	1702	440	2212	2583	
2584	982	586	1542	3117	3116	
2586	1306	3408	313	1861	2587	
2588	3436	340	1265	1892	2589	
2590	3558	1696	1697	734	425	20	
2592	1038	548	2609	911	23	2593	
2594	18	1889	1888	777	2595	
2596	2384	22	708	882	2597	
2598	811	2894	461	2599	945	
2600	573	1319	1219	667	2601	
2602	370	3052	628	1514	3032	2603	
2604	3765	408	931	1809	2605	
2606	3850	3851	3463	2607	
2608	1080	1871	1945	911	2609	
2610	950	2795	113	2611	89	
2612	989	1825	489	2997	2613	
2614	1433	452	1593	2662	2615	
2616	663	1093	1454	2379	2617	
2618	1326	134	3701	1327	649	2619	
2620	1108	2174	34	2175	2621	
2622	2667	636	52	891	
2624	962	250	229	2625	
2626	131	3782	541	1081	2805	2627	
2628	1356	2863	3016	1206	1207	2629	
2630	59	1046	3846	928	1657	2237	2631	
2632	2265	558	3812	1074	2708	2633	
2634	878	3758	394	2635	2671	
2636	2554	210	2684	863	2637	
2638	320	633	1590	1591	2639	
2640	132	862	1919	2828	2641	
2642	127	3206	1322	3891	1323	2643	
2644	1676	1831	467	2645	
2646	790	1555	1745	3223	2647	
2648	1869	3154	406	2791	2649	968	
2650	1890	193	381	1128	2651	
2652	197	572	3378	437	1870	
2654	1132	2129	1133	3480	2655	
2656	2639	1591	2855	1755	2657	
2658	768	1397	142	1267	289	
2660	1339	979	879	2278	2661	
2662	1593	3762	804	805	2663	
2664	1259	617	2665	170	1111	
2666	445	835	776	636	2667	
2668	685	3064	1461	1460	1299	2669	
2670	2258	771	1305	2671	2635	
2672	1372	819	1751	2717	2673	
2674	1440	3694	328	3306	1402	2675	
2676	99	2572	3787	1112	2677	
2678	1118	2703	1119	1115	1114	
2680	3324	2813	687	1661	2681	
2682	1313	3403	675	157	2683	
2684	210	664	1685	2685	
501	80	3476	1575	2687	1574	
2688	1298	2669	1299	2689	
2690	764	1606	2357	2691	
2692	2293	1399	2782	2693	
2694	87	3933	841	1895	1316	2695	
2696	3814	164	1766	1215	854	
2698	70	2561	1976	2699	
2700	303	3543	1212	2359	2701	
2702	3832	3021	570	1119	2703	
2705	2964	2965	535	532	2122	
2706	2101	742	1557	2707	
2708	1074	1978	44	1566	2709	
3707	1754	92	765	2711	
2712	108	2160	200	1730	2713	
2714	245	1020	1742	1974	2715	
2716	434	1918	1750	2673	2717	
2718	1168	2859	55	2036	2719	
2720	294	3028	669	1421	2721	
2878	1576	237	1899	2723	875	
2724	3596	956	3589	837	1355	2725	
2726	1677	944	1	1908	2727	
2728	806	3674	1866	1867	2729	
1956	902	2380	51	3608	1544	2731	
2732	1561	1581	905	135	2733	
1254	2734	2623	377	2735	
2736	1767	1410	2843	2842	
305	1523	827	2739	
2740	1632	131	2626	2026	2741	
2742	774	2962	590	2858	1272	2743	
2744	230	2138	3196	1652	2745	
2746	973	3615	1787	1741	2747	
2748	109	1812	838	2749	1865	
2750	1134	1798	3046	6	3054	
2752	3204	143	930	1521	2753	
2754	184	1487	3104	2755	1486	
2756	3369	1375	1451	741	3094	2757	
2758	382	1610	2781	1611	2759	
2760	2884	528	3359	2269	2761	
2762	1884	2383	3354	1885	2763	
2764	2259	1672	833	3	2765	
2766	3923	39	1079	330	2767	
2768	275	330	1079	2769	
2770	600	3856	824	1733	2771	1180	
2772	1579	2193	2192	1500	2773	
1720	3095	1721	68	67	2775	
2776	1200	249	449	2903	2777	
2778	1370	2972	433	2472	2779	
2780	708	22	1611	2781	
369	3126	898	1770	1851	
2784	1012	706	1229	2910	2785	
2786	1644	136	1910	678	2787	
2788	1616	820	2416	1705	2789	
2790	32	3520	2649	2791	969	
1007	3044	206	481	2793	
2794	3491	426	691	2439	113	2795	
2796	3695	213	1441	2304	2797	
2798	273	1858	1960	2799	
2800	472	3616	1926	316	2801	
2802	690	2274	599	670	2803	
2804	2102	3091	2103	2627	2805	
2806	1466	298	2830	2831	2807	
1221	1286	1287	723	2809	
2810	565	2072	2080	2811	
998	494	3837	687	2813	1965	
2814	3118	1302	1854	1855	2815	
2816	1500	2192	1501	1485	
2818	1963	359	613	1201	2819	
2820	82	646	1258	3048	647	3580	
2822	182	1746	2928	994	
2824	299	161	918	2979	1703	2825	
2826	1710	1711	745	2827	
2828	1919	1707	2637	863	2829	
2830	298	304	2844	1192	3506	
2832	2139	3515	506	2004	2833	3427	
2834	1564	1228	438	484	2835	
2836	868	2866	420	3374	1804	2837	
2838	111	578	856	2839	
2840	1534	3929	295	1505	1151	2841	
2842	1690	715	1411	2737	2736	
2844	304	2188	1311	2845	
2846	698	1480	1481	2455	736	2847	
2848	1142	378	1292	682	2849	
2850	3058	173	3257	943	2851	
2852	2006	605	1358	1359	2853	
2854	177	3498	735	1755	2855	
2856	2765	3	2106	549	2857	
2858	590	356	2488	55	2859	
2860	94	1076	1077	2861	2959	
2862	441	3767	1507	1357	2863	1356	
2864	948	949	358	2865	
2866	868	2514	657	3469	2867	
2868	2881	175	2208	372	2869	
2870	427	462	2266	2871	
2872	3569	226	1540	2953	1368	2873	
2874	3420	184	2754	1281	2875	
3748	1011	242	205	2877	500	
2722	477	3101	997	2364	2879	1859	
2880	2155	1345	175	2881	
2882	1856	874	1681	483	3482	
2884	2760	1116	2907	1117	2885	
2886	596	1568	129	2465	2887	
2888	1627	1626	747	2889	844	
2890	802	196	1670	1488	2891	
2892	1588	638	809	1473	2893	
2894	811	902	1956	2730	2895	
2896	1800	1714	1715	3715	2897	
3673	1352	1296	2899	3024	
2901	386	2460	1922	1046	59	
2902	1801	843	3952	1835	2777	2903	
2904	803	1489	2653	2905	
2906	1464	67	68	1117	2907	
2908	263	3091	2102	910	2909	
2910	1229	3897	1435	707	2911	
2912	2254	707	1435	2913	
2914	1270	724	3434	368	2915	
2916	3965	1044	822	3976	1736	2917	
2918	723	1287	3335	584	1231	2919	
627	574	1284	2921	10	
2922	620	2998	291	371	2923	
2924	786	1531	1530	587	2925	
2926	1532	199	2927	2118	
2928	1746	458	3368	1347	355	2929	
630	3128	1143	631	2931	
2932	900	351	3683	1161	2933	
2934	964	1782	1783	2935	
2936	167	3183	1219	1319	2937	
2938	1453	1618	347	3422	3168	
3980	2940	1698	726	2128	2941	
2942	742	2101	1048	1049	2943	
2944	1975	1003	2111	955	3793	2945	
2946	1924	3392	1966	1967	2947	
2948	163	3627	1189	1251	2949	
1032	2316	2105	2049	1146	
2952	969	2791	406	1368	2953	
2954	706	1012	2763	1885	2955	
2956	808	2224	54	3688	1472	2957	
2958	85	2129	1132	2959	2861	
2960	2301	626	2474	2961	
2962	774	3225	1425	3059	2963	
2965	546	3644	2116	266	535	
2966	1803	3449	1906	959	2967	
2968	41	1838	3675	1839	2969	
2970	1364	3311	1053	2081	2971	
2972	1370	3943	1455	1371	91	2973	
2974	3624	952	761	1619	2975	
2976	3646	352	652	3925	2977	
2978	440	1702	3149	1703	2979	
2980	2288	988	1853	1943	2981	
2982	3444	158	3875	766	1512	2983	
2984	378	1142	2931	631	2985	
2986	1565	2111	1003	2987	
2988	181	361	2989	2148	1679	
2990	1301	694	47	2991	
2992	1562	3924	380	761	952	2993	
2994	983	861	475	1949	2995	
2996	1953	995	1999	2613	2997	
2998	620	545	1095	1175	2999	
3000	534	3060	2054	3579	2055	3001	
3002	1067	3398	2073	2057	3003	
3004	1848	3070	373	3005	
3006	1860	3043	1861	313	3007	
3008	1260	1261	1199	3009	
3339	2153	1145	589	3011	
3012	2496	63	1290	1808	3020	3013	
3014	292	2068	1360	3836	1361	3015	
3016	2863	1357	3431	919	3017	
3018	2484	307	1383	3530	3019	
3020	1808	2464	570	3021	409	
3022	545	620	2922	3023	1109	
2899	1296	1592	2008	3025	
3026	1309	3519	1751	819	3968	3027	
3028	294	543	1225	3029	
3030	717	3269	693	3031	
3032	1514	1387	629	3033	
3034	2566	43	3313	1312	3035	
3036	578	111	850	451	1795	3037	
3038	2841	1151	349	3039	
3040	2497	597	331	1367	3041	
3042	2619	649	2587	1861	3043	
3044	1007	2792	1303	1245	3045	
3046	1798	3870	40	791	3047	
3048	1258	1237	1539	1348	3049	
3050	2010	1981	3845	1597	3915	3051	
3052	370	1556	2707	1557	3053	
3054	6	1554	3931	233	3055	
3056	2453	1141	553	3057	2390	
3058	2850	775	3563	1427	2963	3059	
3060	534	2164	746	3061	
3062	3389	1671	1843	897	3063	
3064	685	3759	393	3855	3065	
3066	581	3191	1131	2142	3067	2143	
3068	626	2301	2170	105	3069	
3070	1848	1849	3585	227	3859	3071	
3072	1176	1177	2135	3073	
3074	137	285	2441	3075	
3076	3548	798	1340	166	3077	
3078	1422	402	1224	3079	
3080	1980	1717	2010	3050	
3082	3801	677	2246	235	3083	
3084	665	2151	379	3085	
3086	422	1209	1904	789	3087	
3088	1948	1596	2625	229	3089	
3090	1944	130	2103	3091	263	
3092	430	1994	3186	904	3093	
3094	741	2185	1721	3095	
3096	2252	419	839	3097	
3098	2030	732	3220	1638	3099	
3100	3209	1886	1887	997	3101	
3102	3334	96	3129	1706	3103	
3104	1487	430	3092	1560	3105	
3106	472	2800	1404	194	3107	
1002	225	3380	2018	3711	3109	
3110	1829	3243	1000	1463	3111	
3112	2050	247	999	1964	3113	
504	1184	262	2064	3512	3115	
3116	3618	719	2078	2585	2584	
3118	2814	614	274	3194	3119	
3120	3239	1763	1176	3072	3121	
3122	2022	2023	729	1541	3471	3123	
3124	3493	617	1259	171	
3126	369	2783	2782	1399	616	3127	
3128	630	2930	93	1706	3129	
3130	1203	549	2106	3131	3605	
3132	1643	1354	439	385	3133	
3134	3647	2145	3722	1280	737	3135	
3136	619	355	1347	1374	3137	
3138	3346	27	1196	1197	3139	
3140	1825	989	3692	215	3141	
3142	705	1972	3147	12	3240	
3144	2306	218	3896	1996	3145	
3146	1330	346	1688	3147	1972	
3148	814	2825	1703	3149	
3150	396	3728	3531	137	3074	3151	
3152	15	3865	1760	2331	3153	
3154	1869	13	697	1369	3155	
3156	1160	3858	594	876	3766	3157	
3158	108	2712	559	3159	
3160	1663	2385	2420	3161	
3162	114	716	1502	3163	1503	
3164	2495	1931	1035	3165	
3166	3577	471	1836	3583	1837	
3168	3422	1689	753	3429	3169	
3170	482	875	2723	2505	3171	
3172	3622	21	1295	3825	3173	
3174	844	2889	1615	2187	3175	
3176	3424	266	2116	2117	
3178	220	1928	1794	3179	
3180	1642	1559	744	107	3181	
3182	279	3861	667	1219	3183	1218	
3184	1226	3638	1052	2017	3185	
3186	1994	3421	1995	846	3187	
3188	1148	3318	234	886	3189	
3190	580	1264	3384	1131	3191	
3192	866	1396	1548	1549	3193	
3194	274	2211	1531	786	3195	
3196	2138	2139	2832	975	3197	
3198	428	765	92	1636	3199	
3200	251	3730	1316	1895	3201	
3202	153	1515	212	1379	3203	
3204	2752	593	1385	3205	1384	
3206	127	3590	1062	2163	3207	
3208	848	3246	236	1886	3209	
3210	1152	3237	395	332	3211	
3212	11	600	2770	1235	3213	
3214	276	571	1474	277	3215	
3216	1242	3295	1243	318	3217	
3218	284	3302	869	1234	3219	
3220	732	122	3330	842	3221	
3222	3141	215	1744	2647	3223	
3224	799	3802	391	1424	1425	3225	
3226	550	3319	1149	1233	3227	
115	794	3234	662	1504	3229	
3230	847	1653	3527	2132	3231	
3232	1314	398	1852	3233	
3234	794	3708	1680	2532	3235	
3236	1305	771	395	3237	
3238	3085	379	211	1763	3239	
3240	12	3428	752	260	3241	
3242	469	3511	3710	1000	3243	
3244	1094	15	3152	872	3245	
3246	848	1710	2826	3247	
3248	2033	1033	524	3249	
3250	940	1928	220	834	3367	3251	
3252	3442	124	954	2028	3253	
3254	198	388	1532	2926	3255	
3256	413	807	2519	943	3257	
3258	1458	1329	1459	2595	777	3259	
3260	1446	1274	3621	1275	3261	
3262	510	1045	511	3610	3263	
3264	2659	2658	289	592	3265	
3266	889	1797	3648	888	
3268	322	1388	693	3269	
3270	3304	946	37	3271	
3272	3197	975	1025	3273	
3274	470	857	3576	1893	1666	3275	
3276	2469	825	397	3277	
3278	853	2	1813	3279	
3280	410	3362	1351	1640	3281	
3282	2099	2098	1016	246	3283	
3284	189	567	287	411	3285	
3286	267	2429	2393	2428	1059	3287	
3288	3518	194	1404	3573	3289	
3290	1648	449	249	612	3291	
3292	183	2774	780	3293	
3294	711	3352	1334	1243	3295	
3296	2150	1271	2292	3297	
3298	434	2716	818	8	3299	
3300	580	3190	34	2174	144	3301	
3302	284	251	3200	3303	
3304	3270	1950	2395	1951	3305	
3306	328	311	2397	3307	
3308	308	1156	1572	299	2824	
3310	730	293	3663	1053	3311	
3312	1154	156	3402	1312	3313	
3315	3314	2104	3542	2049	2105	2317	
3316	718	3702	702	2372	
3318	1148	2485	1149	3319	
3320	1326	2618	1465	3343	3321	
3322	560	133	3382	750	3323	
3324	2680	999	247	3325	
3326	1957	640	3586	1250	3364	3327	
3328	1121	560	3322	3329	
3330	122	1024	3426	1800	2896	3331	
3332	860	221	1757	3333	
3334	3102	46	2556	584	3335	
3336	3344	2088	660	1392	3337	
3338	1150	542	2153	3339	3010	
3340	1331	705	3142	3143	3341	
3342	344	701	3321	3343	700	
3344	3336	344	3342	529	3345	
3346	3138	1420	1421	669	3347	
3348	2346	996	0	3349	
3350	290	1174	2257	3351	
3352	711	2378	187	3353	
2382	3354	2383	517	611	3355	
3356	1398	683	2531	2530	3357	
2024	3358	934	254	2070	
1700	3528	770	1344	3361	
3362	410	1534	2840	186	3363	
3364	1250	641	589	1145	3365	
3366	1969	921	3251	3367	
3368	458	740	3496	1375	3369	
3370	57	2094	2686	826	1490	3371	
2090	2091	71	2358	3373	
3374	420	490	1436	935	3375	
3376	502	126	3640	1436	490	3377	
3378	572	2937	1319	573	3379	
3380	225	2110	1001	2335	3381	
3382	133	3441	563	1129	3383	
3384	1264	3753	1265	340	3385	
3386	492	412	1958	3387	
3388	418	1864	3690	896	1671	3389	
3390	2563	412	492	942	3391	
3392	1924	2223	1925	3393	
3394	1620	1585	3803	1621	3395	
3396	1647	377	2623	891	52	1255	
3398	1067	3484	244	3882	58	3399	
3400	35	3526	974	2001	3401	
3402	156	3655	317	3843	675	3403	
3404	302	1262	1171	3794	3405	
3406	2326	2327	1623	3407	
3408	1306	905	1581	3409	
3410	1329	1458	1624	3816	3411	
3412	1109	3023	1551	3983	621	3413	
1138	922	1898	1859	2879	3415	
3416	604	2369	301	3417	
3418	1826	1827	1424	391	3419	
3420	2874	906	3699	1995	3421	
347	1618	2975	1619	3687	3423	
3424	3176	3177	533	3443	3425	
3426	1024	3776	2005	3427	2833	
3428	12	3147	1688	3169	3429	
3430	1781	877	919	3431	
3432	442	1215	1766	2510	2511	
3434	724	683	1398	16	2270	3435	
3436	2588	856	578	3036	3437	
3438	1617	920	1905	3439	
3440	1120	283	3517	563	3441	
3442	3252	1104	1105	3425	3443	
3444	2982	333	2893	1473	3445	
3446	2823	2822	994	618	3917	3447	
3448	2242	958	3449	1803	
3450	1519	2939	751	3451	
3452	9	1310	2845	1311	3453	
3454	987	1373	1541	729	3455	
3456	552	2452	73	3457	
3458	259	1071	3831	2027	3459	
3460	1091	1211	1210	3461	
3462	845	2186	2087	2607	3463	1656	
3464	3501	1729	456	3465	
3466	3547	951	2094	57	
3468	1478	1479	1437	2867	3469	
3470	908	1728	407	3123	3471	
3472	2969	1839	853	3278	3473	
3474	450	1622	1430	1431	3790	
3476	80	1984	89	2611	3477	
3478	755	1163	1580	3957	7	3479	
3480	1133	3005	373	1655	3481	
3482	483	3709	1933	2477	3483	
3484	1067	3002	1042	3578	2123	3485	
3486	887	49	87	2694	3487	
3488	1742	1020	3955	2019	3513	3489	
3490	1476	822	1044	426	3491	
3492	2134	2665	617	3493	
3494	403	3771	1283	1520	3495	
3496	740	2231	881	3733	459	3497	
3498	177	885	1946	1637	3499	
3500	2201	909	2338	1729	3501	
3502	574	627	2920	188	3503	
3504	1568	596	275	2768	3505	
3506	1192	2325	871	3507	3565	
3508	2287	713	579	3509	
3510	1055	505	2141	3710	3511	
3512	2064	65	938	3489	3513	
3514	1815	493	506	3515	
3516	3901	1253	2249	3517	283	
3518	3288	8	818	3519	1309	
3520	32	1348	1539	3521	
3522	1475	2925	587	1543	3523	
3524	1610	382	3670	1054	2140	3525	
3526	35	2410	354	2132	3527	
3528	1700	3360	2279	1701	3529	
3530	1383	285	137	3531	
3532	873	884	1637	1946	3533	
3534	3325	247	2050	2051	3535	
3536	1408	2473	689	3537	
3538	86	1232	3936	90	3539	
3540	2561	70	2034	3972	929	
3542	2104	1147	1212	3543	
3544	833	1672	1665	2371	3545	
3546	2467	1791	1985	3631	951	3547	
3548	3076	1758	1759	3940	1650	3549	
3550	1234	869	1439	1634	3551	
3552	3003	2057	1043	3553	
3554	1075	2709	1566	3555	
3556	2240	292	3014	3557	
3558	2590	2591	3706	1552	3559	
3560	98	484	438	3561	
3562	653	1426	1427	3563	
3564	1724	209	608	3565	3507	
3566	2210	1873	3703	128	3567	
3568	2529	728	226	3569	
3570	1321	162	339	3680	3571	
3572	282	680	3289	3573	1405	
3574	972	3658	1741	1787	3575	
3576	857	963	471	3577	
3578	1042	265	3639	2055	3579	
3580	647	778	3581	1349	
3582	1889	18	3849	1837	3583	
3584	1257	350	227	3585	
3586	640	2731	1544	3587	
3588	2014	106	3819	837	3589	
3590	127	2642	660	2088	3591	
3592	1968	423	79	3593	
3594	1912	126	502	3595	2570	
3596	2724	2044	219	2045	3597	
3598	99	2676	731	1365	3599	
3600	648	261	3700	2108	3601	
3602	568	1236	3735	3603	
3604	258	1039	2107	3605	3131	
3606	1841	880	1747	3607	
3608	51	241	3217	318	3609	
3610	511	950	2610	3611	
3612	2107	1039	2047	3613	
3614	232	1740	3575	1787	3615	
3616	472	3106	2040	986	3617	
3618	3116	3117	128	3703	3619	
3620	2629	1207	1275	3621	
3622	3172	474	983	2994	3623	
3624	2974	193	1890	2567	3625	
3626	602	1188	3681	1189	3627	
3628	586	982	967	1847	3629	
3630	2686	2094	951	3631	
3632	2352	1738	315	3633	
3634	1256	696	1369	697	3635	
3636	676	623	1529	3637	
3638	1226	1227	3001	2055	3639	
3640	126	1912	2295	3641	
3642	722	2809	723	2918	3643	
3644	546	1047	2560	3645	
3646	2976	1524	2145	3647	
3648	1797	1854	1302	1078	3649	
3650	2205	1960	1858	1028	3651	
3652	686	1360	2068	3653	
3654	1537	1223	317	3655	
3656	2353	625	1222	3657	
3658	972	3921	903	2435	3659	
3660	3857	1841	3606	214	3661	
3662	3185	2017	2081	1053	3663	
3664	142	1397	769	855	3665	
3666	2342	300	2007	3667	
3668	1218	3183	167	2580	3669	
3670	382	2758	756	3671	
3821	3672	763	1352	3673	2898	
3674	806	2	853	1839	3675	
3676	936	1762	1844	3677	
3678	1380	100	695	3679	
3680	339	319	1251	1189	3681	
3682	3958	901	3481	1655	3683	351	
3684	1538	25	364	3685	815	
3686	2454	1342	1343	3423	3687	
3688	54	1406	1407	3689	
3690	1864	2749	838	3691	
3692	989	2612	1943	1853	3693	
3694	1440	2283	213	3695	
3696	1401	632	47	694	3697	
3698	230	2744	846	1995	3699	
261	648	1307	1327	3701	
3702	718	1872	3619	3703	1873	
3704	196	802	1962	3705	
2591	2590	20	1754	3707	2710	
3708	794	115	3228	1933	3709	
2141	505	3954	1462	3109	3711	
3712	1410	1767	443	3713	
3714	41	2968	990	2897	3715	
3716	2158	1349	3581	1658	3717	
3718	3203	1379	1900	3719	
3720	2559	1049	1048	3721	
3722	2145	1524	1525	357	3723	
3724	3211	332	1673	3725	
3726	2991	47	632	2350	3727	
396	3150	2468	1693	3729	
3730	251	284	3218	679	3731	
3732	1438	37	946	459	3733	
3734	3521	1539	1237	3603	3735	
3736	772	603	1417	3937	3737	
3738	810	240	1483	3739	
3740	161	299	1572	3741	
907	991	493	1815	3743	
781	3744	2775	67	1464	3745	
3746	2308	478	276	3214	3747	
2095	2876	932	1491	3749	
3750	1980	3080	3081	1022	3751	
3752	2220	256	1892	1265	3753	
3754	839	419	1842	2581	3755	
3756	1558	50	2476	3757	
3758	878	1712	1713	393	3759	
3760	88	463	2226	3761	
3762	1593	452	1432	2392	3763	
3764	1087	403	3494	408	3765	
3766	876	1506	1507	3767	
3768	796	1806	1807	3769	
3770	3979	623	676	1282	1283	3771	
3772	1125	619	3136	754	3773	
3774	2004	506	493	991	3775	
3776	1024	122	732	2030	3777	
3778	2234	2235	310	758	3779	
3780	914	915	2403	3781	
3782	131	1632	1633	3783	
3784	306	2262	607	1135	3785	
3786	2264	1112	3787	1935	
3788	466	2178	917	3789	
3790	1431	1508	2734	1254	3791	
3792	1001	2110	2945	3793	
3794	1171	3908	253	555	3795	
3796	585	2344	561	3797	
3798	1320	1799	773	1786	3799	
3800	402	1422	1423	677	3801	
3802	799	1759	1758	1621	3803	
3804	3815	867	1367	331	3805	
3806	1802	246	1016	2537	
3808	1391	2164	534	3000	3809	
3810	1144	1505	295	1429	3811	
3812	558	262	1184	3813	
3814	2696	1779	867	3815	
3816	1624	376	78	890	3817	
3818	2255	1355	837	3819	
3820	1262	302	762	763	3672	
3822	201	1268	3966	757	3823	
3824	388	198	1294	3173	3825	
3826	3729	1693	1824	831	3827	
3828	2206	97	2022	3122	3829	
3830	2046	3613	2047	3904	3831	1071	
3832	2702	887	3486	3833	
3834	4	1660	2463	2462	3835	
3836	1360	686	1661	687	3837	
3838	1403	61	1358	605	3839	
3840	759	2304	1441	1947	3841	
3842	1222	625	157	675	3843	
3844	962	2624	2011	1597	3845	
3846	1046	1922	1923	3847	
3848	221	860	3167	3166	1837	3849	
3850	2606	242	1011	1897	933	
3852	2400	1474	571	3853	
3854	978	823	191	3065	3855	
3856	600	11	880	1841	3857	
3858	1160	2933	1161	3071	3859	
3860	3689	1407	2601	667	3861	
3862	512	1031	2391	2109	3863	
3864	544	31	1760	3865	
3866	353	185	1547	3867	
3868	2411	2133	1346	3869	
3870	1798	1134	3785	1135	3871	
3872	2812	1875	1982	3873	
3874	1340	798	766	3875	
3876	916	1830	2191	3877	
3878	1558	3756	348	710	3879	
3880	2140	1054	200	2160	3881	
3882	244	2122	532	3883	
3884	3089	229	250	3948	2075	3885	
3886	288	3962	1362	48	3887	
3888	1452	1128	381	3889	
3890	3413	621	1323	3891	
3892	66	1288	1289	3893	
3894	116	2000	488	3895	
3896	218	1434	2913	1435	3897	
1668	0	996	1961	3899	
3900	680	282	1253	3901	
3902	172	3723	357	3903	1914	
3904	2047	1039	258	526	3905	
3906	1318	23	911	1945	3907	
3908	1171	1262	3820	1263	3909	
3910	3982	145	1498	3911	
3912	3944	201	3822	1628	2479	3913	
3914	1836	471	963	3051	3915	
3916	116	3894	1998	3447	3917	
1907	494	998	2812	3872	3919	
3920	1902	123	1903	903	3921	
3922	3266	888	39	3923	
3924	1562	2489	1563	2977	3925	
3926	595	2154	1602	3927	
3928	1428	1429	295	3929	
3930	399	973	2746	233	3931	
3932	2309	1413	841	3933	
3934	422	3086	920	1617	3935	
3936	1232	1416	3737	3937	
3938	455	1589	1513	3939	
3940	1759	799	3224	3941	
3942	3879	710	1455	3943	
3944	3912	924	3291	612	3945	
3946	2657	1755	735	3947	
3948	250	962	3844	119	3949	
3950	94	2860	726	1698	3951	
843	1801	2433	1687	3953	
3954	505	1055	2065	2019	3955	
3956	3093	904	431	7	3957	
3958	3682	1603	2869	372	3959	
3960	1460	1461	190	3961	
3962	288	575	3265	592	3963	
3964	1727	691	426	1044	3965	
3966	1268	1269	613	359	3967	
3968	819	1372	195	3969	
3970	3529	1701	208	3971	
3972	2034	2035	1734	2299	3973	
3974	1418	591	1169	3975	
3976	822	1476	1477	3977	
3978	622	1529	623	3979	
2940	3980	159	455	3938	3981	927	
661	2643	1323	621	3983	
