-176.448	9.96674	203.949	
-133.932	-164.228	167.035	
-107.939	149.827	196.893	
-230.933	116.715	76.7835	
-239.458	121.928	-24.8844	
-210.655	-147.977	80.5601	
-106.283	-126.776	213.176	
-90.8714	212.867	138.874	
-222.26	145.238	-47.9508	
-254.417	16.7952	-88.3867	
-142.138	-225.071	-44.0331	
-94.9534	-166.146	-190.215	
-112.624	122.601	-212.438	
-219.672	-46.8749	149.561	
-194.619	-169.312	79.31	
-142.626	196.614	117.692	
-86.8834	69.904	245.704	
-201.4	-130.106	-123.839	
139.608	-191.991	-120.595	
-241.876	15.0736	-118.661	
-181.485	164.913	-112.619	
63.2671	248.8	74.258	
-234.012	130.372	-32.6308	
-245.28	-109.687	-25.1034	
-201.216	-13.8077	179.303	
-158.124	-141.717	-166.604	
-150.874	222.77	-20.0103	
-183.667	162.566	112.514	
-91.4125	43.8134	-250.105	
-251.528	-90.7647	36.5425	
207.467	-164.479	-32.368	
-99.7467	-6.57703	250.695	
-210.654	-122.893	-115.581	
-118.134	212.928	-116.219	
-194.585	-21.4084	185.764	
-222.276	70.6474	-135.836	
-218.11	-10.9891	-158.553	
-108.579	114.459	218.989	
-250.972	-47.4102	-87.1968	
169.939	4.9742	205.292	
-264.139	-43.1305	34.6505	
-64.1197	134.286	-222.595	
-75.4999	-251.362	55.3507	
-104.71	-240.806	-62.4171	
-251.134	-95.5328	24.4457	
-187.387	172.782	-88.6607	
-139.358	-173.192	152.872	
-194.356	184.799	29.8988	
-136.382	-90.217	-214.705	
-189.947	-181.574	61.3137	
-140.765	-223.167	-56.8512	
-174.429	101.374	179.099	
-92.9494	-65.5283	-244.662	
55.9084	172.483	-195.618	
-13.5894	266.147	-2.25259	
-174.284	114.721	171.168	
-253.175	2.54979	93.4675	
-138.722	-7.5503	-231.402	
-121.065	-66.7479	231.78	
-111.592	209.593	128.107	
-259.557	54.0858	-50.3026	
-153.908	133.973	-176.615	
73.6941	51.0472	251.144	
-237.705	109.624	65.4971	
-139.522	68.2829	220.749	
-189.323	55.505	-184.224	
-139.851	155.445	-170.676	
-212.124	-46.9964	160.131	
-193.577	-162.631	-94.073	
-223.811	-19.7484	-149.523	
-209.664	152.784	-73.9257	
-169.762	-33.913	207.065	
254.804	-78.2126	-6.06408	
-126.284	237.774	-18.541	
-171.821	-3.92363	-208.097	
-11.8229	-194.471	182.32	
95.6141	121.791	-216.918	
-78.5215	130.432	222.881	
-198.989	-85.2717	-161.124	
63.2454	-116.601	231.261	
-222.388	-149.936	-29.4516	
-233.266	-115.722	70.7632	
-108.729	-233.174	81.3722	
-210.121	162.331	48.1307	
-108.385	246.14	-22.0335	
-245.47	-79.5205	79.1356	
-142.933	-17.0308	-228.354	
-110.65	-236.239	-69.3233	
-265.942	-35.5669	-28.6617	
-194.745	-157.392	100.759	
-146.263	-129.643	-186.028	
-45.482	-67.1676	-253.595	
-38.883	226.117	137.788	
-239.501	38.0878	-118.327	
-253.407	-24.8476	-89.3915	
-146.005	217.663	64.1927	
-126.808	227.368	71.2537	
-165.832	-125.096	172.272	
-246.615	-59.9924	-91.7234	
-182.167	-196.889	-29.8559	
-248.317	-23.4525	103.058	
-96.3794	127.252	-217.632	
-240.163	30.0036	119.381	
-99.2826	-220.147	-119.957	
-99.666	-51.7674	245.435	
-107.76	191.174	-157.002	
-157.806	-196.621	96.2651	
-139.08	-216.809	-80.3492	
-175.178	-107.633	-174.674	
-244.505	97.5536	-59.3937	
-105.363	-35.282	-245.762	
-137.615	147.805	178.921	
-114.528	61.2536	-236.559	
151.254	213.593	-51.4027	
-217.334	73.0054	142.362	
-177.525	-199.915	36.4303	
-139.963	63.4628	-221.871	
-266.65	5.35128	-41.2093	
-244.239	113.085	19.096	
-181.096	190.448	-61.22	
-116.81	183.374	159.94	
16.1593	179.951	194.833	
-198.716	137.251	120.45	
-81.2885	-8.1155	257.019	
-156.218	52.3685	213.751	
-136.696	-53.5495	226.46	
-259.142	43.8797	61.0059	
-190.861	117.752	-150.065	
-127.054	105.599	213.333	
-209.693	48.0376	-162.904	
-171.537	41.7339	-204.095	
-204.212	-63.2946	164.664	
-235.932	-65.6314	-113.458	
-215.95	-14.3183	161.195	
-144.706	-11.201	227.584	
-129.492	71.3357	225.837	
107.482	-154.477	188.527	
241.106	-19.8999	-111.415	
-70.8749	112.519	234.887	
-127.133	193.561	-138.506	
-159.837	171.943	-133.103	
-240.606	-57.0009	108.081	
261.401	48.3991	-17.3902	
-218.492	-152.051	-43.8374	
-217.36	123.183	-101.933	
-110.321	229.149	90.3323	
-147.629	224.764	22.326	
-170.371	-30.4743	-207.057	
-177.508	-42.5319	198.752	
-176.741	202.411	24.5659	
-205.347	-150.513	-89.2489	
-115.742	-212.358	119.744	
-213.783	-90.4948	-137.368	
-84.1744	106.956	233.077	
-106.434	-171.72	178.791	
-209.441	167.819	-26.9555	
-117.212	-240.649	34.4056	
-146.628	-165.973	-154.265	
-229.706	-3.55343	-141.643	
-243.362	-115.979	11.1103	
-213.63	-164.347	-10.5367	
-189.494	177.894	72.6585	
-122.426	-133.97	-199.59	
-82.008	196.869	165.473	
177.181	55.1389	-190.54	
143.556	-208.696	85.7172	
-178.263	-129.612	-155.754	
-127.45	226.341	-73.0307	
-222.869	-109.997	105.056	
-92.8205	-134.274	-214.854	
59.3268	-70.7378	-248.672	
-218.142	157.026	24.3228	
-147.468	-7.1182	-225.946	
-153.058	-42.4607	-218.218	
-211.802	-2.78626	-167.256	
-226.962	-105.945	-100.464	
-153.753	189.865	114.673	
-171.156	-198.169	65.1459	
-257.584	-29.846	-74.8213	
-253.862	29.6721	-86.7246	
-264.306	-52.6186	-12.8789	
-245.808	24.0464	108.74	
-99.7632	240.784	70.1221	
-62.2896	-116.033	232.211	
-114.747	-237.718	-56.1138	
42.1351	25.9345	-262.766	
-112.543	-200.265	-141.604	
-203.414	-57.364	-167.803	
-207.335	-159.108	67.2786	
2.74976	244.81	105.918	
-102.838	99.603	-228.803	
-136.26	-200.559	-118.618	
-251.186	-81.9439	-54.9384	
-233.62	71.1409	114.849	
-151.226	168.588	146.612	
-127.421	-11.4353	237.634	
-117.512	157.936	-184.636	
-256.745	-49.4783	66.8309	
-184.688	-124.285	152.448	
-210.166	-115	124.11	
-237.193	117.22	-53.3603	
-252.406	95.2739	3.30572	
178.087	189.664	53.7832	
-181.565	195.575	-39.9518	
-69.9163	236.497	-99.1701	
-155.759	-219.644	-17.4729	
-164.158	207.795	-51.7884	
-133.668	220.833	78.8557	
-267.741	-26.5758	20.6182	
-54.329	-172.723	-196.053	
50.4264	-245.762	-87.6058	
-259.955	-11.8358	71.4884	
-198.395	117.648	-140.133	
-97.8339	8.84348	-251.367	
-116.183	-62.6674	-235.319	
-140.859	-152.038	172.851	
-166.305	-106.364	-184.006	
-258.646	9.66429	-76.4197	
-191.785	136.073	132.431	
-176.804	-185.599	-84.2773	
-233.578	-16.461	134.202	
-153.855	112.818	190.843	
-137.181	-222.63	66.6131	
-104.887	248.594	-7.68363	
-103.47	28.4552	-247.677	
-235.215	120.237	55.066	
-264.96	22.0096	46.1579	
-119.226	42.2249	-238.462	
-104.925	49.3747	243.665	
-239.95	-117.432	37.7432	
-133.327	-225.041	-66.4569	
-237.049	72.7731	-106.231	
-212.986	129.111	103.966	
-159.706	-168.804	137.012	
-41.867	-31.9873	261.882	
-249.187	76.0557	69.9262	
-192.174	115.253	150.383	
-159.092	77.6952	-203.673	
-189.952	-191.353	6.6577	
-133.528	110.136	-207.061	
-93.7556	167.489	189.74	
-171.483	140.522	-153.586	
-67.9963	172.879	-192.674	
-108.783	189.294	158.711	
-166.741	92.1604	191.147	
90.4655	110.385	225.647	
-253.158	82.8513	-43.1972	
-194.641	76.2312	-170.731	
-269.437	5.78512	-13.5295	
-143.96	-59.0003	220.561	
203.45	154.171	-74.9113	
-184.084	21.1666	196.108	
-113.192	-79.1581	231.854	
-168.15	56.2669	-203.493	
-217.212	37.5359	155.68	
-264.538	45.2728	-27.5548	
-49.7525	111.685	237.035	
-145.097	-89.4965	209.187	
-225.871	-68.7255	-130.77	
155.18	-49.8429	210.353	
-122.116	139.515	196.182	
191.009	-154.235	-105.023	
-182.3	18.6642	-198.15	
216.484	146.26	50.6171	
-83.2093	166.862	195.144	
-202.408	-75.881	161.609	
-204.751	27.7986	-173.64	
248.828	45.3957	-84.5624	
-138.845	48.8842	226.225	
-140.89	12.5713	229.907	
189.19	-167.327	85.3592	
-77.3807	112.293	232.926	
-208.729	-18.6039	170.089	
-173.861	199.573	52.5678	
-172.257	-52.9898	-200.866	
-127.918	28.2331	235.944	
-227.885	-68.0441	127.523	
-188.657	186.68	-48.5017	
-238.101	-42.8368	-119.624	
-121.392	94.9376	221.574	
-21.3137	-255.15	72.1005	
-224.318	10.5488	149.642	
-206.946	-132.104	-112.054	
-229.967	-127.891	-59.899	
-161.852	-0.267433	215.97	
-87.6875	220.17	129.11	
-80.8756	-253.431	11.195	
-158.181	192.699	-103.357	
-249.816	-35.6367	95.6375	
-136.94	231.486	22.1656	
-208.271	-155.157	-73.2712	
-138.266	34.8069	-229.181	
-151.564	17.9948	-222.61	
141.252	-225.284	10.5968	
-186.939	-155.559	-116.976	
-152.64	162.132	-152.463	
-181.105	187.812	69.0893	
-251.852	-96.7776	-2.6948	
-137.383	232.036	-8.3918	
-178.711	-176.705	98.2387	
-145.397	208.823	-89.9014	
-125.863	-175.1	162.234	
-222.012	125.22	-88.6676	
-203.916	176.143	14.9835	
-197.071	-99.6018	-155.118	
-226.889	142.105	-33.4501	
-126.668	-211.755	109.149	
-96.9861	116.911	223.095	
-253.907	26.4064	87.5199	
-116.9	200.654	-137.487	
-108.428	-219.589	-113.382	
-247.503	49.7335	-95.3457	
-185.081	-24.7523	-194.841	
-192.569	188.931	-4.32257	
-212.453	-164.869	22.3426	
-106.593	240.05	62.1444	
-195.427	-58.1906	-176.699	
-163.272	-167.355	-134.819	
-133.898	-132.924	-192.898	
-54.7147	-102.812	-240.149	
-101.712	89.3945	-233.491	
-217.988	-131.971	88.6399	
-198.023	168.562	72.1029	
-107.267	-218.487	116.263	
102.388	-120.146	-215.732	
-111.069	-245.882	-0.447297	
-240.334	-31.0245	-118.768	
120.091	170.443	-165.397	
-255.037	-75.77	-45.1307	
-53.1144	-140.574	-221.238	
-181.851	99.0597	-173.026	
265.061	-17.2466	23.2451	
-196.915	-2.05007	-184.539	
-154.344	199.835	95.2952	
-147.118	-198.948	-107.581	
-239.281	-85.5814	90.7909	
-148.543	220.038	48.3875	
-111.373	-183.362	163.491	
-181.02	-116.263	-162.952	
-240.041	-121.407	-20.8784	
-173.957	205.865	-13.4585	
-194.65	160.425	-95.8585	
-199.613	-174.214	-51.3397	
-127.649	-186.413	-147.628	
-190.042	-93.3004	167.333	
-172.462	-80.2043	191.48	
-191.908	156.915	106.727	
-122.27	-147.28	190.146	
-80.7819	213.903	143.229	
-104.814	-149.61	-198.69	
-167.669	-211.109	12.2597	
-259.606	-37.7547	-63.3316	
-225.159	5.85307	-148.712	
-109.407	145.717	-199.122	
-212.185	-105.56	-128.889	
-136.86	128.88	193.634	
-235.711	77.2549	106.33	
-163.625	181.9	113.925	
-146.78	-30.1702	-224.477	
-95.6786	247.974	45.9576	
-85.215	202.453	156.889	
-119.134	139.65	-197.832	
136.683	228.489	-2.55522	
-165.876	-158.203	-142.506	
-104.664	-174.196	-177.465	
-210.34	-160.066	54.5482	
-172.241	-204.43	-36.9588	
-185.66	-23.1813	194.524	
-250.294	98.7518	19.7467	
-121.527	-110.685	-214.072	
-260.968	-43.9505	-52.9617	
97.7277	-9.71045	-246.811	
-228.51	63.1357	-128.929	
-210.098	-44.6251	-163.318	
-155.36	156.986	155.059	
-135.638	-15.2534	232.836	
-41.7585	10.067	-263.246	
-228.838	-115.809	-84.0363	
-238.582	-77.6426	-99.4646	
-245.772	33.7657	-106.218	
-236.808	56.7843	116.366	
-151.018	-154.388	-161.818	
-244.891	-80.7386	-79.4889	
-102.394	81.1154	236.203	
-138.285	-70.4039	-220.844	
-244.126	-98.5368	59.1997	
-121.334	240.828	9.36373	
-195.811	-135.59	126.895	
-221.84	153.267	11.1894	
-255.808	-82.3472	24.2377	
-118.107	101.325	-220.523	
-118.938	-241.444	-20.1451	
-234.053	19.3495	-132.949	
17.2838	-197.713	-177.554	
-0.910184	-137.925	228.29	
-140.299	182.842	-140.198	
-128.642	-67.0142	-227.567	
-240.831	121.781	-0.671637	
-62.2675	255.093	56.375	
-128.932	218.979	90.9204	
-261.012	-50.8978	46.0276	
-250.088	-72.3699	71.1319	
-92.5575	19.4621	-252.701	
-240.099	-10.8951	122.71	
-92.8086	46.2148	249.192	
-265.91	-28.1746	36.5253	
-229.234	-103.412	97.9169	
-204.521	138.921	108.239	
58.9356	81.1432	-247.282	
-125.885	-235.569	38.5208	
11.4349	243.519	-108.738	
-183.299	-189.911	-56.1611	
-110.254	-90.2914	-229.124	
-155.609	-136.294	173.298	
-239.84	101.492	-70.7527	
-99.2837	-135.346	211.355	
-130.596	228.434	60.0634	
-241.762	114.003	-37.0725	
-197.341	-102.425	152.791	
-111.942	33.0773	-243.348	
-162.279	122.009	177.672	
-263.009	-2.5719	60.5164	
-190.087	143.305	-126.947	
-265.539	43.2478	20.4591	
-108.405	-42.0477	243.511	
-261.444	16.7894	-64.756	
-145.225	154.418	166.996	
-118.144	72.7644	-231.523	
-267.406	20.1039	29.9587	
-113.096	235.467	-67.3022	
-149.381	53.1417	-218.352	
-15.4756	-258.92	-63.8808	
-133.924	73.4565	-222.512	
-175.871	-172.769	-109.779	
159.149	108.516	184.561	
-124.779	234.576	-47.023	
-211.795	93.3774	-138.709	
-152.225	-184.516	124.767	
-174.456	-75.9781	-191.372	
-122.217	193.971	142.41	
-159.07	-206.117	70.8283	
-187.818	-141.847	132.113	
-227.723	103.13	-101.59	
-204.812	103.165	142.026	
-155.116	-87.5052	-202.795	
-179.444	187.702	-73.3862	
-112.789	226.58	-93.5838	
-92.7006	87.1465	-238.005	
145.322	185.156	122.686	
112.478	-237.224	-51.319	
-256.661	-20.8242	80.7341	
-98.4506	-191.351	-162.755	
-186.426	-174.367	87.6291	
-222.566	137.512	65.6539	
-250.992	-1.76715	-99.0246	
-266.509	-9.11153	-41.3284	
-161.279	-207.359	-61.732	
-232.394	-31.3544	133.507	
82.1245	190.448	166.31	
-202.288	-177.324	20.4169	
-248.126	97.7221	40.0956	
-128.814	-224.374	76.6993	
-112.082	-5.08534	-245.45	
-100.161	191.694	161.414	
-245.034	61.2701	94.8717	
-226.653	-141.6	37.516	
-90.4743	-3.48851	254.233	
-160.025	207.067	-65.7645	
-91.8871	-76.4891	241.907	
-201.719	70.8789	-164.74	
-118.083	-227.047	-85.7436	
-193.339	12.4919	187.841	
-125.461	17.5824	-238.255	
-267.694	-33.8477	-4.1005	
-219.521	119.615	101.684	
-210.05	81.0155	-148.769	
-237.603	14.7047	127.044	
-117.182	-102.229	220.564	
-245.951	-102.096	-43.6566	
-153.093	78.4923	207.915	
-184.484	135.925	142.566	
-155.044	-53.5335	214.322	
-8.99448	211.572	-162.189	
-152.632	112.334	-192.151	
-174.95	62.4049	-195.844	
-164.582	154.436	-147.944	
-140.09	-229.709	20.8874	
0.240254	260.127	-57.0496	
-229.684	137.087	35.5375	
-261.736	39.1166	-52.7659	
-42.0772	7.06934	264.016	
-163.675	-175.822	122.988	
96.9158	224.916	-104.549	
-146.489	129.981	-185.724	
-125.781	177.474	159.789	
-183.842	-197.223	-10.6471	
-255.61	84.5566	-18.756	
-267.498	30.5321	18.1741	
15.8823	140.504	224.138	
-248.309	80.3465	-68.6724	
-104.288	160.692	190.004	
-145.394	-78.2865	213.5	
-200.659	78.1524	162.631	
-180.079	65.9156	189.878	
-76.7971	96.0738	240.181	
-99.7194	149.078	-201.441	
-46.6565	164.578	206.832	
-110.833	-68.1625	236.47	
-134.081	112.803	205.328	
188.18	-88.8222	166.542	
-132.091	-65.9909	225.92	
237.235	36.0655	117.015	
-188.426	67.3804	181.069	
-161.004	66.5811	-206.165	
-263.464	56.0423	-15.8769	
217.974	28.7218	-149.523	
-78.8147	151.196	209.264	
-231.623	-62.336	-123.75	
-72.1384	104.689	238.081	
-181.367	-76.5452	184.653	
246.676	-80.4687	60.5645	
-222.355	-67.1604	137.468	
-137.924	24.2729	230.719	
-163.568	40.0577	210.856	
-138.65	-104.353	206.521	
-113.233	14.4037	244.607	
-222.956	-50.3531	-143.485	
-114.74	137.162	202.205	
-169.744	-8.96206	209.668	
-219.073	49.2307	149.702	
207.769	-37.3281	-163.076	
-124.044	62.6385	231.407	
230.615	-121.125	-60.1052	
-198.617	20.8434	-181.545	
-187.416	37.5855	-190.592	
-146.727	20.3668	225.643	
212.501	-94.9955	-130.324	
-190.845	-50.3147	184.105	
110.183	-3.55894	242.756	
-222.878	-12.0925	151.686	
-224.1	-147.929	26.9467	
-125.039	203.582	-125.463	
-206.354	-39.8435	169.262	
245.191	105.366	11.7725	
-11.6483	-265.543	6.67314	
-191.383	187.449	-32.3023	
159.28	-152.247	150.865	
-201.987	-118.598	-134.015	
-149.294	198.006	106.503	
-180.893	-50.0442	-193.953	
262.695	-12.6174	-43.3574	
-173.033	16.6732	-206.462	
-116.11	-146.01	-195.05	
-94.3251	223.037	119.234	
-148.75	47.7398	220.101	
-142.206	86.6369	212.428	
-169.741	-15.6552	-209.268	
-103.244	-227.001	-103.101	
-209.643	-4.44084	169.703	
-160.172	179.278	-122.658	
-212.576	21.172	-164.87	
-173.942	175.652	-108.284	
-214.991	-138.303	-86.4135	
-125.816	83.0813	223.86	
-251.176	61.3775	-77.2507	
-87.4058	234.245	101.561	
-229.048	-122.566	-73.0387	
-159.767	-14.985	-217.055	
-198.764	-178.648	37.5945	
-224.243	150.072	-3.49349	
186.076	-188.987	25.0162	
-85.9431	176.298	185.355	
-241.678	-56.9305	-105.782	
-148.529	-181.949	-132.956	
-191.443	182.856	52.3783	
-84.8726	144.504	211.583	
-200.996	167.605	-65.417	
-165.636	199.547	74.6793	
-216.968	-124.774	100.908	
-229.218	-134.64	-46.2761	
-108.787	-242.663	44.818	
-246.627	-29.7691	-105.388	
-177.019	-184.693	85.8879	
-250.181	24.4607	-98.1721	
-89.9695	-118.536	-225.055	
-51.7185	-29.8064	-260.033	
-246.018	-110.124	-12.1542	
-115.927	86.9647	227.714	
-92.5208	-151.655	-203.18	
-155.943	-28.7829	-218.318	
-119.666	-213.221	-114.03	
154.453	107.754	-188.083	
-223.756	129.946	-76.7215	
17.3719	-230.22	134.779	
-222.992	24.8401	149.998	
-214.99	-124.765	-105.068	
-209.758	167.764	26.2134	
84.7958	-248.973	32.1207	
-123.104	-205.378	124.471	
-196.236	-173.112	-65.8541	
-131.245	232.945	36.6916	
-135.232	23.1604	-232.427	
-258.003	20.8852	76.3757	
-234.827	-70.956	112.142	
230.03	-133.513	25.9007	
-119.146	-226.166	86.3766	
-118.815	-29.146	-240.511	
-187.352	-120.001	-152.724	
-95.6494	137.481	211.547	
-118.442	228.445	-81.3822	
-100.563	206.347	141.861	
-253.309	-60.8086	70.4452	
-167.405	-149.354	-149.988	
-223.602	-150.92	-5.30671	
-190.889	189.918	15.0121	
-152.984	-21.5768	221.201	
-145.585	106.726	200.615	
-196.48	-151.354	-106.273	
-199.838	180.389	-18.846	
-219.414	110.152	-112.054	
-121.993	-239.943	19.2565	
-126.043	-147.567	-187.523	
95.6083	-169.468	-181.783	
-180.068	171.447	105.016	
-120.749	167.034	-174.223	
64.4773	259.292	2.28318	
-66.4749	43.5887	-253.79	
-201.489	172.217	50.6604	
-204.408	-164.747	-62.4969	
-99.4225	78.448	-238.32	
-167.867	-207.615	39.1952	
-107.25	-245.262	-34.3354	
-148.687	31.0161	-223.104	
-93.4112	107.731	229.18	
-165.322	20.6378	-212.339	
-126.715	237.282	21.8317	
-249.753	38.0217	94.9375	
-130.341	-198.116	-128.849	
-249.942	-100.983	12.0672	
-115.279	-218.889	107.849	
-149.742	-141.882	-173.991	
-135.671	-145.593	182.285	
-265.822	-25.5708	-38.4123	
-168.361	209.05	-27.4265	
-112.919	239.556	52.0854	
-172.785	-163.513	-127.512	
-225.617	86.8693	-119.819	
-145.958	213.378	-77.4736	
-136.045	-175.112	-153.708	
-123.384	119.476	-208.211	
-73.6199	84.1364	245.658	
-188.401	-113.482	156.355	
-99.6916	-142.086	-206.67	
-116.422	183.713	-159.772	
-195.269	-117.392	144.637	
-237.743	-17.8997	-126.401	
-190.323	-188.064	-35.0935	
-128.152	-191.384	140.639	
-233.932	-132.587	-22.7066	
-257.146	81.8375	-3.25605	
-202.688	146.309	-101.526	
-239.622	-46.648	115.068	
-222.219	149.161	34.4347	
-177.093	7.90563	-203.459	
-211.426	-14.6572	-167.12	
-228.364	-29.4952	-140.742	
-103.081	120.41	-218.472	
-222.031	-94.4845	-120.791	
-244.68	23.5928	-111.363	
-182.986	180.909	81.4268	
-69.8725	-191.632	172.572	
-168.026	-186.897	98.2354	
-240.046	-92.3747	81.6918	
-248.973	-67.2854	-79.3717	
-200.806	-140.645	112.805	
-246.817	62.2323	-89.6693	
-132.039	-234.634	-17.3865	
-139.416	223.921	57.2835	
-85.095	118.846	226.862	
-169.084	141.53	155.592	
-137.651	-207.653	103.654	
-184.558	-141.88	-136.516	
-162.626	-61.6639	206.34	
-148.251	225.476	-2.58385	
-183.524	-9.53208	197.625	
-135.877	217.755	-83.3698	
-157.625	-218.906	7.9424	
-170.017	164.318	130.09	
-161.038	-212.117	-43.551	
-238.562	51.4551	-115.143	
128.049	-60.2313	-225.745	
-189.305	-107.966	-159.241	
-98.2014	-122.608	-219.46	
-218.339	154.772	-34.5716	
-144.171	221.662	-53.8126	
-186.372	-60.7605	-185.481	
-79.6538	222.91	128.97	
-126.979	2.46407	238.152	
-204.879	-9.18293	-175.404	
-143.572	-152.127	-170.524	
-116.757	241.819	-27.0393	
-105.182	-198.479	-149.548	
-117.366	-172.823	-170.82	
-176.415	-140.114	-148.597	
-206.001	-172.484	-25.5039	
-241.601	-67.1114	99.8135	
-183.153	146.818	133.235	
-103.464	244.418	48.7931	
-171.001	167.963	-123.877	
-200.994	149.379	100.45	
-216.869	160.611	0.299283	
-240.938	-121.463	-4.29772	
-158.293	217.455	21.9928	
-166.184	212.206	13.842	
-262.161	-60.7361	19.6163	
-259.204	-74.9388	-1.25838	
-162.236	210.669	46.0459	
-104.611	60.4006	-241.378	
-115.79	55.3495	237.45	
-150.279	143.511	172.149	
-193.664	95.8484	-161.586	
-217.94	97.7348	-125.527	
-172.695	-124.614	-165.683	
15.0376	-26.3085	-264.527	
-55.6833	242.908	97.2966	
-68.9258	-236.751	102.851	
250.672	-16.5549	88.7223	
-222.397	56.8192	-141.799	
-235.455	-103.813	-81.4106	
-165.498	192.912	90.5404	
-141.034	-192.349	-126.195	
-111.097	93.1618	-227.638	
-179.119	-101.004	174.7	
-193.1	91.3039	164.891	
-219.79	13.4756	-156.048	
-64.5581	-218.843	137.859	
204.33	172.241	-11.0098	
-148.614	-176.41	140.09	
-234.755	-98.3677	89.624	
-144.234	170.568	-151.497	
-159.596	-116.076	184.084	
-177.253	112.103	-169.824	
-254.058	-62.3788	-66.2654	
-213.246	120.039	113.792	
-142.046	2.875	-229.467	
-262.888	-31.8756	-51.9425	
-243.349	-23.3021	114.291	
-59.4848	-72.2717	250.69	
-219.112	-75.3134	-138.315	
49.8957	-259.898	-26.7714	
12.2278	-109.822	-242.03	
-200.517	-42.5797	-175.405	
-138.906	-37.4259	-228.379	
-78.0029	207.83	153.509	
-148.552	208.665	85.017	
-148.965	-209.904	81.1544	
-95.6368	61.4259	-244.835	
47.8973	-180.514	190.618	
-231.387	-125.683	58.7967	
-192.189	-81.9069	-170.829	
99.6784	-200.55	142.676	
-222.709	-117.799	-96.805	
-158.484	215.406	-35.8556	
-115.923	-160.669	183.197	
-261.36	-61.9092	-26.1593	
-72.8661	248.542	-64.5209	
-181.954	199.227	0.349099	
-132.331	166.072	-166.515	
-106.933	138.753	-205.364	
-138.787	214.094	87.9812	
-213.679	-162.237	-29.1815	
-134.273	-233.864	10.6495	
-165.081	-212.901	-15.6118	
-148.451	154.144	-164.452	
-199.151	162.311	82.6154	
-255.995	-43.1559	-73.7314	
-137.021	228.488	-42.9446	
-190.671	-15.5833	-190.351	
-102.55	-76.2203	-237.559	
-237.458	127.744	-11.205	
-218.792	-63.9658	-144.374	
-159.04	171.764	134.322	
-254.992	-10.8129	-87.682	
-254.052	-87.1659	-25.9613	
-160.252	86.4537	199.182	
-235.023	-0.6802	132.542	
-135.965	195.335	-127.163	
-148.337	-67.3926	-215.127	
-117.035	-237.905	50.2381	
-96.162	-108.385	227.656	
-111.855	200.472	141.934	
-131.047	-50.7091	-230.319	
-244.962	4.32206	-113.031	
-225.844	-97.4649	111.067	
-260.241	-43.1241	57.0886	
-10.8276	65.1784	-258.617	
-226.06	-122.886	81.3274	
-137.598	-120.457	-198.501	
-92.8167	85.6475	238.453	
-138.697	-210.681	-96.0206	
-152.696	100.894	-198.328	
-69.8977	256.896	-28.1309	
24.1221	-156.103	-212.379	
-195.656	-162.844	89.6424	
124.603	229.533	55.6697	
-140.48	-58.9734	-222.755	
-215.063	-149.969	63.9713	
-220.835	79.636	133.132	
-240.521	-67.6953	-102.05	
-105.013	-29.0879	246.865	
-92.8118	-28.129	-251.755	
-240.341	-102.587	-67.3438	
-258.477	-62.594	45.7869	
-121.974	51.6241	-235.197	
-93.8466	99.3387	-232.684	
-129.347	-35.3238	234.248	
-240.438	44.2021	114.3	
178.832	140.879	-137.916	
-186.293	-38.5731	191.452	
-205.659	116.712	-130.029	
-145.561	-94.0075	-206.929	
-259.864	69.9701	19.5088	
-124.979	224.687	82.1389	
-166.48	151.073	149.252	
-204.244	152.509	-88.4945	
-61.4693	95.4178	-242.807	
-249.694	62.2945	81.1365	
-246.034	-102.186	42.4834	
-260.313	30.1675	-64.5526	
-204.095	-166.99	57.3849	
-83.5329	8.48597	256.428	
-128.209	-231.615	-52.1124	
-167.363	-92.4398	190.511	
-229.525	85.5177	113.396	
-209.956	-82.1502	148.273	
-141.61	76.0373	-216.772	
-132.441	158.504	173.722	
-251.387	-10.7048	97.5657	
-218.895	-104.182	118.593	
1.52539	-230.995	-132.58	
-230.343	110.724	86.7347	
-91.7068	243.093	73.0127	
-128.316	209.463	111.774	
-162.82	-183.297	112.768	
-166.71	-192.683	-88.9144	
-259.869	54.4445	47.4132	
-234.142	-96.5821	-93.1792	
-111.568	245.467	11.9842	
-229.549	134.238	-45.9798	
-257.606	70.1552	38.9974	
-110.443	-105.996	-222.172	
-223.661	-142.844	48.9993	
-184.472	-163.623	109.434	
-137.548	-229.364	36.0078	
-89.9465	-5.29425	-253.781	
-165.137	-180.683	-113.619	
4.75137	261.165	48.4084	
-136.559	175.239	153.145	
-177.347	-146.005	141.53	
-269.101	19.0472	-5.52019	
-174.393	73.3404	-192.52	
6.68858	-77.981	254.542	
-233.462	34.2032	-130.914	
-120.552	86.4554	-225.409	
-141.455	-193.75	123.65	
-124.942	-134.786	197.543	
-150.401	-215.433	-61.7218	
-230.544	54.2303	129.38	
-229.954	124.378	-66.9387	
-79.3883	26.0627	256.535	
-150.991	-147.629	167.989	
-232.866	-133.31	27.7916	
-241.069	110.809	49.1898	
-194.908	28.2598	184.479	
-248.594	104.529	-9.72365	
-240.066	83.8684	-90.2413	
-68.1428	-155.733	206.52	
-170.175	-195.953	-73.8732	
81.8397	-214.689	-133.085	
-128.997	-101.841	-214.084	
-128.514	67.0798	-227.686	
-251.619	-77.5709	59.1487	
-158.032	-71.4602	-206.722	
-128.62	-219.358	-90.4134	
-108.3	235.024	76.5328	
-113.171	245.02	-1.46905	
-242.127	77.9305	89.5802	
-61.4062	-227.078	-127.342	
-267.97	-14.5898	-28.1453	
167.602	-5.92151	-207.333	
-176.831	-203.781	4.12933	
-125.4	221.778	-88.9844	
-157.282	-216.165	36.628	
-177.175	50.0729	-197.344	
34.8502	-16.6114	263.205	
-233.121	134.603	18.519	
208.366	91.0617	139.203	
-124.54	-89.4137	222.135	
119.924	50.6985	-232.483	
-128.533	33.8826	-234.883	
-110.135	232.789	-80.5339	
-228.947	142.696	7.59288	
-265.779	31.863	33.7401	
-138.95	-40.9187	227.739	
-204.61	79.6888	-156.911	
-262.677	-28.1	55.0262	
-167.889	196.69	-76.9253	
24.6356	217.311	150.66	
-263.939	10.32	55.3436	
-268.318	-2.65023	-28.4279	
59.1737	212.751	-149.023	
96.1016	219.933	116.822	
12.8111	123.501	-236.107	
234.665	97.2257	80.9641	
-243.407	106.471	-47.4441	
-264.125	-49.6278	24.8253	
-211.993	86.2325	142.971	
-250.995	83.8247	52.6514	
-48.0473	203.091	167.96	
-261.926	21.7766	61.1471	
-142.915	99.9288	-206.001	
-268.787	-5.43251	23.2763	
-234.238	108.443	-78.7716	
-258.084	-37.626	69.2713	
-133.962	-230.921	-39.5744	
-157.869	151.465	-157.99	
-187.425	-190.569	36.8766	
-58.3405	-201.441	-166.234	
-250.595	97.7553	-21.7486	
-66.3889	222.35	-131.483	
-117.932	214.502	113.627	
-87.3135	183.735	177.392	
-231.956	8.03352	-137.721	
-72.9506	-254.33	-35.8863	
-257.136	7.57401	81.5755	
-269.094	-14.3821	14.276	
-148.504	-223.752	26.5484	
-238.835	-35.3987	120.558	
-130.761	138.882	-190.939	
-154.06	-84.6485	204.811	
-73.2301	-242.19	-85.8414	
8.61864	39.3692	263.515	
135.033	58.8433	222.11	
-176.807	185.061	-85.5575	
-118.68	113.544	214.195	
-123.518	163.324	175.802	
-126.6	96.1697	-218.101	
-236.062	-121.518	-48.3733	
-158.216	57.811	-210.858	
-197.834	129.07	-130.467	
-89.0903	-52.4033	249.251	
-90.6106	194.691	163.521	
-183.443	-92.0644	-175.167	
-224.215	127.639	79.1064	
-109.468	8.10926	-246.552	
-157.916	-38.3344	215.381	
-220.44	109.552	110.635	
-188.567	177.005	-77.1166	
-183.222	66.45	-186.681	
-265.853	-46.3034	-0.635024	
74.1209	249.763	-56.3695	
-188.087	-176.503	-79.1688	
-12.3243	166.192	-207.815	
-119.341	-6.87535	241.97	
-202.602	125.135	126.828	
-200.452	-180.614	1.87451	
-119.337	6.50927	-242.025	
-193.336	-81.4329	169.834	
-129.015	197.329	131.432	
-201.648	19.1685	178.278	
-125.233	184.976	151.508	
237.342	108.298	-53.311	
-165.427	111.638	181.655	
-257.097	69.6272	-43.2465	
-226.8	-24.5758	144.17	
-157.581	-107.118	-191.122	
-144.318	121.061	-193.284	
-208.843	68.1701	-156.771	
-243.648	88.9893	-74.289	
154.38	188.883	-105.996	
-213.398	150.298	68.4153	
-269.586	11.0427	3.404	
-99.2355	175.507	179.289	
-248.939	11.2625	103.658	
-169.003	-103.377	183.248	
-185.571	125.894	150.165	
-105.357	40.6251	-245.125	
13.674	96.5809	247.885	
-230.401	-73.3162	-119.975	
-179.053	52.2315	195.037	
-114.043	43.2657	240.802	
-234.36	28.6465	130.693	
-172.331	84.2308	-189.911	
-133.553	-78.5	221.009	
-106.479	-106.234	224.124	
184.551	145.773	123.394	
227.941	-69.0244	119.81	
209.844	-125.158	106.468	
-268.717	-24.0138	4.12907	
-261.845	-10.5877	-64.4384	
-127.829	132.403	197.441	
-252.745	76.553	-55.4731	
-255.884	55.6758	-65.1275	
-74.1458	198.796	-163.757	
-267.814	32.2229	-7.30503	
-195.037	-120.076	-142.826	
-79.7649	55.0848	251.805	
-171.48	95.2504	-185.325	
109.193	152.778	190.653	
-195.473	102.681	155.083	
-163.201	-25.6323	213.436	
-195.278	55.9132	177.631	
-169.631	-144.01	152.592	
-145.235	-226.665	-18.2374	
-202.47	48.9697	-171.625	
-198.874	-48.7186	175.852	
-160.504	64.3466	207.191	
-259.99	70.8301	-12.8923	
-74.8588	185.781	180.908	
-105.426	24.2224	247.173	
-248.763	-99.5109	-32.0775	
-46.276	59.121	257.639	
-189.851	-190.524	-22.0376	
-102.435	173.935	-178.917	
-174.268	153.79	137.174	
-220.252	-57.1899	145.111	
-72.0808	150.648	211.993	
-150.178	-113.026	193.683	
216.254	90.8444	-126.542	
-149.301	11.773	224.539	
-168.511	51.8006	204.244	
-74.6408	257.116	14.884	
166.052	-201.31	-54.6026	
-117.455	23.8823	241.848	
-208.736	39.8479	166.315	
-79.7359	159.722	202.45	
-184.952	-62.798	186.224	
-194.225	44.3064	-182.017	
-164.156	13.5441	213.767	
-164.882	132.557	-167.473	
213.988	-21.894	158.782	
-136.785	129.931	-193.005	
-177.26	-2.54276	203.527	
196.324	44.7734	175.187	
83.8068	-59.1867	246.705	
-92.6908	-30.1135	251.673	
-205.328	15.1571	-174.511	
-114.253	129.071	207.73	
-71.7294	159.854	205.326	
-101.325	-78.7976	237.348	
258.151	43.2083	50.5415	
-120.702	-44.2212	237.31	
-214.584	-32.3381	-160.49	
-221.704	-34.8968	149.928	
-73.1639	121.673	229.493	
-215.619	-87.4479	136.79	
-228.918	-43.8435	-136.134	
-181.938	77.4723	183.678	
-95.9608	228.064	107.747	
-161.639	46.2998	-211.111	
-122.363	50.2757	235.285	
-102.464	162.171	-189.811	
171.178	-81.8775	-187.696	
-147.108	29.1981	224.432	
131.664	-100.843	209.025	
33.1175	-255.365	68.8011	
-212.311	-161.086	42.6911	
-115.221	144.895	196.45	
-252.691	40.7332	-85.6824	
-112.475	-226.207	-95.0913	
-155.411	-6.25465	-220.575	
-265.643	20.9756	-42.6746	
-216.678	61.8969	148.48	
-143.974	13.9108	-227.877	
-259.864	-54.1898	-48.6369	
247.064	-68.0301	-73.5978	
-110.954	242.948	38.7024	
-129.522	-207.668	-113.821	
-174.106	195.596	65.4617	
-193.737	-151.516	111.221	
-135.167	79.5715	219.652	
-106.392	-243.605	-46.7249	
-224.121	38.7104	145.253	
-180.714	38.2642	-196.825	
-131.521	14.8398	235.224	
160.413	-137.754	-163	
-116.095	66.3393	234.477	
-103.856	228.223	99.9074	
81.352	-232.908	99.9995	
-159.059	3.29276	-218.058	
-246.458	109.662	4.52187	
-254.899	59.3638	65.4055	
-230.708	14.7047	139.17	
-133.145	187.288	141.393	
-218.919	42.9283	-151.689	
-107.694	-15.6886	246.905	
-108.958	-197.453	147.918	
-243.064	92.1296	72.12	
-129.356	-16.3679	-236.192	
-96.1769	-99.0485	-231.621	
-206.474	-26.3945	-171.642	
-219.554	-138.265	73.8832	
-160.128	-202.514	-78.4276	
-232.183	-129.543	45.7597	
-97.5773	149.568	202.265	
-125.765	-236.46	-32.6023	
-208.626	-139.767	98.5615	
-124.386	175.36	-163.15	
-149.94	-217.112	56.2523	
-199.244	-164.048	-78.6033	
-167.082	-48.1864	206.295	
-256.528	82.7128	11.6523	
-175.249	28.555	-203.231	
-212.089	110.56	124.867	
-227.324	-83.7173	118.669	
-147.169	-197.853	109.465	
-131.737	91.615	217.014	
-232.535	86.8778	-105.725	
-268.164	-24.0998	-16.1548	
-132.881	-156.937	-174.604	
-92.4487	19.9107	252.695	
-113.021	-55.1128	238.781	
-195.145	-60.2259	176.401	
-140.175	-26.521	229.041	
-85.5043	228.906	114.443	
-159.099	217.824	-2.30256	
-222.041	-141.205	-59.2865	
-75.7367	70.0635	249.216	
-265.361	-14.3091	46.8585	
-163.925	135.009	166.45	
-163.85	-42.2497	-210.195	
-204.853	-108.343	138.151	
-184.721	192.478	39.3845	
-208.89	170.409	-10.0278	
-211.614	12.9165	166.878	
-158.546	-155.05	153.605	
-194.95	31.3782	-183.973	
-108.777	-183.418	-165.363	
-98.8498	215.488	128.849	
-128.158	-156.74	178.36	
-101.493	-63.9592	241.705	
-173.311	-165.024	124.509	
-210.057	-169.099	6.02939	
-165.306	-120.217	-176.193	
-75.2957	174.724	191.362	
-129.34	1.42314	-236.823	
-260.716	61.3394	-31.8828	
-238.896	-112.419	55.4919	
-117.235	-205.157	-130.267	
-194.62	64.8591	-175.289	
-110.665	-137.107	-204.333	
-80.7562	41.5895	254.049	
-88.3113	239.444	87.4419	
-220.788	-154.448	11.8374	
-147.991	-115.395	-193.877	
-124.843	150.233	186.203	
-176.677	150.577	-137.299	
-173.555	-91.1658	-185.389	
-144.259	75.9725	215.091	
-92.6798	-47.4868	-248.669	
-69.8003	140.761	219.371	
-94.5135	-179.786	-177.233	
-242.843	1.86198	117.554	
-138.982	-143.115	-181.685	
-139.739	-185.402	137.467	
-130.413	56.6773	-229.43	
-216.235	94.9463	130.372	
-165.323	-81.6438	-197.01	
-175.086	35.8011	202.102	
-184.903	106.493	165.115	
-146.005	180.753	137.098	
-149.008	-206.79	-88.3729	
-138.479	99.7732	208.993	
-219.258	-110.219	-112.076	
-192.128	-143.572	-123.578	
-106.914	142.416	202.859	
-119.083	233.87	62.779	
-121.588	-161.194	-178.99	
-236.094	-130.243	8.58243	
-95.3303	233.81	95.3615	
-156.372	-55.1963	-212.857	
-103.754	125.611	215.116	
-194.532	-29.9308	-184.535	
-183.075	-77.0341	-182.633	
-111.984	169.739	177.347	
-113.268	243.651	24.6648	
-209.111	-76.5569	-152.229	
-200.472	-88.0365	157.676	
-108.6	155.086	-192.37	
-111.915	-139.088	202.26	
-207.799	-139.674	-100.574	
-171.213	181.321	103.011	
-210.958	139.208	94.4616	
-121.6	128.955	203.554	
-227.679	98.2609	106.519	
-235.501	42.8103	124.538	
-243.641	-72.5437	-90.6915	
-232.867	-50.2698	-126.85	
-108.657	72.8149	236.137	
-213.327	57.7421	-154.909	
-156.777	-162.08	-148.245	
-162.349	-208.562	54.0046	
-149.903	190.54	-118.114	
-179.988	-199.927	20.0886	
-132.553	-191.276	-136.746	
-106.015	220.222	114.25	
-190.468	170.771	85.9104	
-254.881	47.4411	-75.0306	
-107.134	-155.963	192.199	
-110.294	166.766	-181.249	
-116.575	-45.8836	-238.915	
-195.696	147.2	113.475	
-235.039	96.4939	90.5826	
-146.033	-159.658	161.268	
-203.163	-105.63	-142.82	
-136.883	227.655	47.7451	
-111.216	80.5459	232.383	
-257.7	-56.2154	57.1581	
-262.004	57.5174	28.2066	
-219.384	148.683	50.3714	
-249.053	-37.4606	-96.9363	
-119.245	-124.269	207.704	
-213.95	137.886	-89.3228	
-119.067	224.256	91.6158	
-110.085	104.945	-222.978	
-149.557	92.5924	204.658	
-138.69	229.789	-27.0076	
-121.267	-230.987	-68.7796	
-243.154	-42.4739	-109.118	
-255.999	-65.9324	-54.3688	
-104.832	89.5281	232.056	
-186.929	39.3028	190.492	
-122.494	14.6401	240.042	
-185.216	-85.5813	176.678	
-153.921	200.92	-93.6827	
-123.623	-78.2965	226.737	
-234.502	114.719	-68.4384	
-99.4416	-113.979	-223.512	
-187.185	153.123	119.76	
-117.83	229.689	78.7839	
-137.759	192.942	129.034	
-239.282	65.7374	106.081	
-83.55	190.412	172.127	
-186.823	132.366	-142.644	
-207.97	165.796	-44.8114	
-150.943	-16.7869	-223.149	
-258.443	-75.2123	-19.2348	
-190.021	-46.2573	-185.947	
-254.861	82.9937	29.9741	
-188.736	-72.9822	178.592	
-150.31	214.205	-65.9318	
-112.728	-121.161	-213.04	
-127.625	232.392	50.5188	
-216.244	-22.4118	-159.922	
-119.958	201.416	133.746	
-110.25	81.4063	-232.523	
-212.341	51.4153	158.452	
-115.959	240.401	-39.9544	
-171.857	64.769	197.739	
-205.806	104.828	-139.615	
-233.857	-56.876	122.066	
-267.192	-36.4606	10.0681	
-135.11	211.781	-98.4286	
-178.636	124.178	-159.502	
-204.726	59.6271	-165.469	
-174.381	190.826	77.5059	
-174.227	-204.773	-22.7262	
-128.674	-169.341	-166.125	
-123.297	217.363	101.972	
-121.116	-5.71715	-241.145	
-118.569	-32.6438	240.26	
-254.767	35.4152	81.7326	
-243.667	-20.5926	-114.171	
-245.731	-108.468	25.6077	
-110.52	-244.707	26.9905	
-168.132	-157.085	140.969	
-185.086	28.9035	-194.333	
-94.9062	200.767	153.418	
-224.779	119.663	89.4251	
-152.811	-187.62	-119.28	
-185.876	-163.554	-107.404	
-221.415	-29.8035	-151.45	
-118.744	33.435	240.086	
-269.639	0.343613	11.3508	
-185.3	46.5187	-190.705	
-241.687	-114.146	-37.315	
-89.9498	-83.2802	-240.185	
-178.828	88.6588	-181.684	
-186.227	3.63539	195.292	
-269.292	-8.68176	-15.1497	
-144.218	-45.1333	-223.66	
-252.892	-54.6923	-76.7378	
-254.556	-34.9955	82.5218	
-146.502	-222.755	41.6635	
-146.29	145.303	-174.15	
-240.895	-6.96951	-121.42	
-154.74	38.8418	-217.635	
-122.481	-93.8666	-221.31	
-226.89	-54.4869	135.538	
-124.432	107.935	-213.821	
-222.496	98.6228	116.665	
-218.686	129.053	91.4596	
-246.051	-58.8763	93.9749	
-200.447	-71.2395	-166.062	
-170.599	198.986	-64.1756	
-84.174	-23.1111	255.363	
-226.913	-40.2482	140.442	
-124.405	-111.718	211.838	
-248.527	94.8466	-45.4325	
-97.2721	71.9295	241.225	
-159.907	190.81	104.226	
-230.548	-16.4353	-139.352	
-163.735	-5.41804	-214.517	
-98.3987	68.722	-241.794	
-161.35	114.146	-183.769	
-202.476	-28.6063	176.098	
-131.966	-216.651	91.9239	
-101.767	7.85101	249.776	
-219.08	0.127119	157.609	
-191.485	-129.588	139.168	
-160.207	-190.66	-103.927	
-126.558	-121.713	-204.918	
-182.432	-174.177	-95.8031	
-188.281	8.11454	-193.161	
-236.171	105.431	77.0864	
-243.326	116.074	-11.6778	
-147.305	-225.872	11.1337	
-235.773	-115.86	-61.7136	
-244.621	-35.6273	108.282	
-205.225	-169.203	45.8234	
-131.576	-111.964	-207.366	
-124.266	239.515	-4.80606	
-172.38	-175.568	110.764	
-93.6833	58.4266	246.261	
-105.053	-231.717	-89.7806	
-107.907	70.9123	-237.032	
-177.486	-116.646	166.467	
-200.15	-122.711	133.096	
-173.649	-197.52	-60.3688	
-168.58	-138.49	-158.874	
-196.934	-1.3836	184.533	
-164.17	182.694	-111.785	
-163.357	-81.8572	198.642	
-235.271	-131.882	-8.81318	
-157.268	-198.113	-94.1051	
-98.4352	-119.09	221.261	
-186.02	-104.758	165.049	
-148.74	-53.2501	-218.827	
-107.947	-213.249	-125.284	
-192.051	153.966	-110.483	
-111.164	240.205	-52.8051	
-111.566	33.4033	243.511	
-89.8602	127.577	220.23	
-168.641	185.554	-99.8582	
-137.478	35.2768	229.589	
-215.92	-53.7141	-152.695	
-227.173	0.190808	145.624	
-140.963	-79.0449	-216.19	
-229.984	41.4154	135.001	
-187.452	53.9784	186.465	
-180.46	-188.006	-70.139	
-250.959	-97.6146	-17.7497	
-165.335	211.142	29.9034	
-105.032	197.508	151.033	
-176.737	132.347	155.204	
-226.075	109.246	98.909	
-267.571	-16.7636	30.6568	
-207.06	150.829	84.7231	
-250.118	-17.4703	-99.7663	
-90.684	55.1108	-248.153	
-102.861	248.705	19.9757	
-102.861	-147.208	201.345	
-196.252	-40.2852	180.81	
-255.407	-86.5756	8.63612	
-263.265	25.3176	-53.5896	
-237.567	125.008	27.3513	
-260.971	10.5179	67.9208	
-231.309	138.82	-7.03706	
-154.205	215.319	-51.5617	
-261.086	-24.2074	-63.848	
-232.463	49.6675	-127.722	
-227.491	75.8351	123.9	
-203.462	38.4641	-173.142	
-124.63	118.697	207.925	
-213.853	-99.5961	131.044	
-122.287	218.313	-101.055	
-128.341	209.747	-111.11	
-228.5	118.793	-80.681	
-129.18	-34.2468	-234.459	
-227.273	29.6642	-142.428	
-259.081	32.2382	68.2748	
-179.008	158.238	125.543	
-224.438	86.417	122.455	
-96.0684	-202.257	-150.281	
-141.315	117.644	197.56	
-197.318	165.083	-81.3542	
-104.037	-55.9579	-242.599	
-141.177	-229.909	-2.74027	
-105.772	183.615	-167.135	
-135.971	-121.532	198.752	
-155.934	-131.552	-176.663	
-86.3935	152.704	205.117	
-204.072	-176.206	-11.5006	
-119.145	-169.772	172.636	
-211.621	-27.9193	165.17	
-109.401	-208.459	131.857	
-171.379	-158.868	-135.062	
-169.956	2.89113	209.656	
-157.273	-73.7088	206.565	
-107.343	200.615	-145.067	
-138.297	-26.03	-230.32	
-253.924	14.646	90.2802	
-108.178	-246.495	-16.5313	
-242.752	71.7873	-93.4022	
-125.202	-230.808	62.1619	
-144.868	163.644	158.328	
-171.341	-183.3	-99.2955	
-119.23	-200.093	136.291	
-266.772	31.5707	-25.5097	
-155.992	99.4572	196.494	
-203.959	92.5331	-150.514	
-138.832	52.4625	-225.429	
-154.639	209.044	72.2312	
-101.073	248.168	32.2243	
-119.151	-190.409	149.54	
-257.581	-51.6884	-61.7061	
-139.291	-183.806	-140.114	
-265.068	-49.0334	12.622	
-193.938	-131.166	-134.222	
-141.88	-107.776	-202.706	
-220.189	-92.5097	125.606	
-255.602	-85.9228	-9.40243	
-216.592	-158.162	30.2688	
-145.675	-207.067	93.4525	
-243.303	15.545	115.67	
-198.092	105.234	-149.983	
-202.457	-152.882	92.0671	
-150.759	-166.734	149.35	
-163.784	-214.435	-1.58785	
-264.125	-17.4894	-52.4794	
-96.0395	-40.9465	248.902	
-107.231	181.627	168.399	
-199.74	-149.093	103.573	
-123.836	205.888	122.939	
-211.783	34.6454	-163.635	
-146.693	201.538	-103.346	
-127.971	-24.3926	236.381	
-245.958	-11.4229	110.456	
-224.581	-117.227	92.9974	
-216.324	139.603	80.8182	
-268.466	26.6461	6.23039	
-83.4509	88.3211	241.036	
-116.717	5.65835	243.33	
-262.746	34.6893	50.7493	
-237.882	-23.0676	125.31	
-220.206	26.6331	-153.689	
-219.229	-25.0863	155.383	
-148.577	124.13	188.014	
-153.546	132.37	178.095	
-123.148	-194.922	-140.279	
-145.653	-138.893	179.808	
-180.981	-153.537	-128.452	
-120.931	238.906	33.5532	
-183.762	-37.2768	-194.115	
-135.042	174.155	-155.836	
-97.9339	136.938	-210.966	
-241.957	59.4933	-103.66	
-154.66	-172.857	-137.99	
-187.405	-178.902	75.394	
-182.274	56.0182	-191.044	
-250.15	-48.3452	88.8848	
-239.956	-93.9894	-80.1496	
-216.549	-152.513	51.6185	
-218.445	-41.063	-153.116	
-172.1	78.1949	192.612	
-192.89	126.22	140.338	
-197.307	179.546	40.7025	
-71.1103	130.648	225.2	
-152.004	-222.931	-3.2938	
-130.524	122.593	201.978	
-232.834	-89.625	102.892	
-207.698	-168.783	34.7377	
-101.589	233.506	89.5032	
-259.466	-72.7585	13.8079	
-130.669	42.4995	232.291	
-146.915	-47.2852	221.41	
-268.512	7.1673	25.974	
-177.234	-16.2971	202.903	
-173.736	170.537	116.409	
-246.167	-95.8307	-55.0372	
-258.906	-64.7019	-40.0887	
-138.007	-225.739	53.0962	
-256.934	76.9373	-29.8365	
-237.938	-104.353	73.0298	
-147.168	-173.971	-144.652	
-164.031	74.8061	200.803	
-94.762	245.256	60.79	
-101.948	-157.719	-193.856	
-251.473	-88.6687	-41.4946	
-143.375	110.987	-199.912	
-248.538	87.8681	-57.6791	
-174.9	-40.763	-201.474	
-145.369	1.53897	227.415	
-163.691	26.882	212.853	
-192.088	-183.533	47.4489	
-238.35	6.38084	-126.418	
-143.576	24.1586	-227.274	
-187.292	184.018	62.5246	
-155.768	205.355	-79.8491	
-174.888	-58.0326	197.179	
-138.885	-216.814	80.9041	
-213.334	155.798	-54.7743	
-164.159	194.183	-90.2551	
-177.363	-26.4607	-201.693	
-82.3668	80.4922	244.138	
-180.883	-195.281	-44.4291	
-172.256	204.08	38.5907	
-76.3231	201.996	161.924	
-191.97	-70.4636	-176.086	
-235.692	-126.475	-35.5527	
-130.964	45.3062	-231.598	
-157.798	202.511	83.2388	
-139.613	220.601	-68.3087	
-235.313	-5.45954	-132.029	
-112.577	175.663	-171.196	
-233.258	134.195	-20.4747	
-119.325	-241.889	-9.73773	
-162.544	90.1208	-195.684	
-209.31	-62.6649	-158.396	
-235.251	132.222	3.37934	
-237.424	-54.0152	-116.445	
-262.996	-60.3462	3.55718	
-136.219	5.10955	232.968	
-252.948	-22.6054	91.3099	
-173.613	-130.243	160.33	
-151.499	5.60494	-223.303	
-96.7867	238.185	82.1287	
-182.061	-192.001	53.0248	
-113.592	-221.674	-104.028	
-218.988	139.32	-73.9066	
-247.647	-84.9802	65.4492	
-177.062	203.287	11.4486	
-167.207	79.1983	-196.541	
-162.577	214.711	-17.1206	
-136.734	-206.043	-108.107	
-114.653	-17.8493	-243.68	
-154.558	123.292	-183.73	
-215.113	-36.8998	158.781	
-258.832	-3.9895	-76.2683	
-227.374	42.7531	-138.894	
-262.572	-15.6322	60.3564	
-260.618	69.8747	4.53504	
-119.009	174.547	167.982	
-168.859	-171.507	-122.048	
-258.287	-17.4552	-76.267	
-198.4	-181.403	-23.7869	
-190.97	79.0397	173.527	
-203.084	89.5879	153.424	
-159.819	-104.533	190.674	
-214.517	27.126	161.481	
-141.91	138.347	-183.226	
-116.962	192.824	-148.233	
-120.59	-220.727	-97.8544	
-151.263	-221.009	-33.1916	
-103.674	-236.48	-78.493	
-100.688	-210.128	-136.121	
-158.766	-177.154	-127.48	
-221.472	-79.3533	132.268	
-157.856	147.678	161.581	
-263.465	-41.4939	-41.2506	
-244.005	45.7893	-105.811	
-142.592	226.27	36.016	
-247.235	102.591	-34.3178	
-229.253	-84.511	-114.679	
-131.407	139.673	189.95	
-228.171	-95.7267	-107.632	
-128.538	-232.03	49.5388	
-225.611	134.727	-61.6315	
-168.853	-67.0528	-199.599	
-157.744	-218.062	19.8713	
-167.752	-194.621	82.4334	
-228.771	29.0555	140.19	
-233.676	87.3962	102.938	
-88.2876	207.644	148.147	
-196.166	-71.2637	171.123	
-141.491	89.0071	-211.902	
-239.227	-85.8182	-90.7763	
-115.168	192.029	150.688	
-126.618	129.782	-199.909	
-118.326	-21.0962	241.627	
-129.684	53.9039	230.507	
-120.119	29.8792	-239.84	
-163.677	160.935	141.889	
-249.207	-63.4971	81.876	
-161.982	-13.426	215.487	
-261.993	3.22751	-64.6302	
-189.585	180.864	-64.5819	
-158.536	13.1793	-218.072	
-126.717	235.94	-33.1079	
-127.205	183.715	-151.272	
-264.492	34.4928	-40.908	
-148.047	-81.8435	-210.294	
-199.823	139.874	-115.349	
-191.397	-94.6304	-165.075	
-148.28	222.137	-38.5254	
-190.381	19.7882	-190.294	
-128.746	169.008	166.436	
-209.518	-128.978	110.881	
-224.454	114.873	-96.1056	
-151.897	171.08	-143.155	
-187.822	166.409	99.3684	
-212.661	118.536	-116.312	
-263.507	56.8415	11.756	
-245.199	110.276	-23.2704	
-258.79	-69.6369	31.7319	
-199.318	178.228	-36.3969	
-143.997	206.397	97.4774	
-257.843	22.9817	-76.2722	
-253.332	92.454	-10.227	
-133.683	212.04	100.064	
-203.528	-129.13	121.335	
-128.834	-213.867	-102.467	
-234.421	-76.2911	-109.905	
-209.792	75.0707	152.256	
-177.917	-63.5741	-192.721	
-136.761	164.231	164.848	
-72.5511	167.188	199.091	
-113.853	20.1953	-243.837	
-150.275	65.5892	214.353	
-104.965	130.442	-211.711	
-266.196	-38.016	23.3597	
-113.924	113.298	-216.881	
-109.88	-226.146	98.0204	
-135.122	-88.904	216.044	
-131.997	235.228	7.64798	
-108.765	216.625	-118.341	
-74.9869	195.187	170.662	
-215.838	79.3819	-141.247	
-262.384	47.3091	-41.7573	
-150.665	67.3568	-213.562	
-239.878	108.339	-59.5934	
-265.282	-0.150243	49.6107	
-136.1	222.848	68.3841	
-125.801	-56.1147	232.094	
-113.223	222.752	101.96	
-120.073	74.581	229.941	
-199.209	-178.156	-37.4149	
-254.727	46.537	75.8162	
-238.787	25.7482	-123.081	
-182.359	175.324	94.0794	
-126.906	-204.859	-121.618	
-190.072	-181.397	-61.6004	
-166.463	7.14993	-212.329	
-205.446	127.33	-120.01	
-215.422	68.204	-147.59	
-160.718	-149.055	-157.451	
-111.279	-237.795	62.4031	
-178.323	-29.3501	200.433	
-228.491	-139.538	-33.6306	
-76.0607	140.778	217.364	
-116.225	149.271	-192.531	
-197.038	176.76	-52.3092	
-224.442	-7.79385	-149.692	
-222.718	-126.401	-85.1734	
-159.774	-92.3476	196.937	
-207.048	162.11	60.542	
-217.082	-129.112	-95.0989	
-266.494	42.0489	5.67979	
-126.043	76.8508	-225.986	
-178.743	-163.977	-118.398	
-204.651	3.5872	-175.908	
-181.704	191.122	57.5395	
-224.247	-81.3414	-126.164	
-218.795	1.65057	-158.016	
-212.372	8.65202	-166.315	
-154.402	218.463	35.5102	
-113.862	152.402	191.513	
-164.036	-24.8716	-212.873	
-175.732	184.186	89.6042	
-115.654	121.313	211.581	
-122.407	-180.466	-158.985	
-197.02	55.0499	-176.051	
-193.2	-145.118	120.304	
-143.106	215.782	76.1866	
-196.431	174.433	61.7449	
-103.813	18.6908	-248.463	
-234.785	62.3888	-117.521	
-92.5663	-92.8114	235.811	
-107.637	135.134	207.413	
-197.99	84.4003	-162.842	
-187.937	86.4287	-173.317	
-245.499	-47.1028	101.678	
-184.219	90.5798	175.176	
-222.423	-133.766	-73.9392	
-157.695	25.33	-217.575	
-269.823	-0.899963	-2.79154	
-255.981	-7.53644	85.171	
-269.558	-12.7685	-0.777452	
-200.623	116.497	137.792	
-254.685	-66.9575	59.016	
-90.3532	71.5767	-243.875	
-154.997	35.5459	218.085	
-258.615	43.3354	-63.8004	
-228.668	-142.345	-16.4061	
-109.907	97.0077	226.641	
-123.003	62.0609	-232.107	
-246.412	-8.928	-109.597	
-101.895	110.693	-224.099	
-179.866	-13.5319	-200.735	
-95.5087	186.216	170.438	
-204.44	-91.9447	-150.234	
-261.544	-57.0365	34.3247	
-264.63	-2.72896	-52.7728	
-245.652	-89.1227	-67.2463	
-134.408	61.2219	225.911	
-266.058	43.8271	-10.454	
-234.015	-86.6729	-102.806	
-146.816	-215.19	70.5419	
-107.835	244.387	-37.7523	
-114.885	-190.351	-152.942	
-143.533	42.8086	-224.517	
-101.463	-2.74406	-250.07	
-214.834	-145.183	-74.6745	
-144.847	57.8165	220.309	
-231.391	-110.339	84.3766	
-246.176	75.3089	-80.9772	
-147.645	-35.5926	223.122	
-229.979	-107.979	-91.0283	
-128.172	-182.801	151.637	
-162.513	-213.421	-29.5406	
-246.271	-49.0388	-98.9083	
-205.209	-52.4899	167.276	
-195.039	-111.118	-149.873	
-93.5559	-17.3875	252.57	
-142.839	-218.887	-67.3402	
-103.394	-88.6379	233.031	
-187.484	108.396	-160.987	
-151.834	-217.405	-49.9587	
-266.527	9.86936	41.0903	
-111.737	50.2526	-240.509	
-111.722	-114.662	217.223	
-249.411	12.3557	-102.348	
-198.584	-175.231	52.0557	
-133.317	201.147	120.927	
-155.43	20.8431	219.664	
-185.393	167.698	-101.671	
-198.122	42.0982	178.328	
-147.602	-125.503	187.834	
-111.918	-232.516	-79.1767	
-170.168	205.594	-39.9428	
-229.416	74.3429	-121.152	
-151.714	-100.415	-199.376	
-151.338	-211.364	-72.551	
-120.792	236.936	46.0467	
-137.828	202.157	-113.814	
-131.346	-197.099	129.348	
-134.797	11.8791	-233.533	
-207.902	64.2077	159.631	
-205.314	29.6653	172.614	
-267.335	17.5359	-32.1681	
-213.172	-154.183	-60.0756	
-191.324	-184.415	-47.1447	
-129.987	-236.449	-3.16866	
-142.592	163.829	-160.228	
-224.16	65.9621	135.057	
-256.581	35.5968	-75.7266	
-186.474	-153.471	120.4	
-218.698	145.287	-62.2062	
-162.256	-95.2869	-193.435	
-151.898	-99.2418	199.721	
-190.777	144.488	124.778	
-200.472	180.597	0.448098	
-103.317	38.24	246.396	
-83.5779	136.22	217.527	
-208.117	-94.4644	143.511	
-113.358	-91.8521	227.014	
-249.958	-88.2683	50.5018	
-212.331	106.94	-127.693	
-172.605	21.3041	206.358	
-229.32	-10.9844	141.868	
-183.346	-50.655	191.466	
-118.4	-78.1237	-229.541	
-162.794	103.621	188.688	
-261.653	-64.9316	-11.1342	
-134.489	-202.588	117.095	
-128.735	157.041	-177.73	
-173.358	-206.654	-7.69802	
-214.531	159.559	36.8565	
-207.435	-168.035	-39.3591	
-236.14	123.866	41.3579	
-149.397	79.7611	-210.135	
-155.163	7.3549	220.734	
-114.155	-242.833	-29.0975	
-134.314	98.1558	-212.546	
-173.474	-200.58	49.9475	
-205.662	158.888	72.6977	
-181.432	119.929	159.802	
-197.123	10.223	-184.076	
-93.4135	32.9304	-251.024	
-180.093	78.9797	-184.879	
-176.737	143.534	144.9	
-191.411	-10.2536	189.973	
-233.81	-37.46	-129.473	
-111.763	-245.21	13.6656	
-216.82	-76.0756	141.616	
-234.747	94.6562	-93.6157	
-195.75	160.129	94.1623	
-126.962	-99.4468	216.386	
-217.019	-65.3077	146.597	
-243.227	111.934	33.1675	
-194.69	-186.591	-9.96911	
-136.024	147.075	-180.85	
-121.186	-220.372	97.9094	
-134.146	120.716	-200.706	
-241.083	-109.38	-52.435	
-201.69	177.317	26.5652	
-156.469	142.85	-167.158	
-101.475	-98.1845	230.019	
-239.843	-121.616	22.2746	
-167.948	-209.657	25.6253	
-183.682	197.317	-12.2577	
-153.026	-5.73435	222.235	
-187.542	74.5707	-179.209	
-174.984	-149.936	-140.494	
-122.649	40.0657	237.095	
-261.955	-53.3797	-37.0209	
-111.174	208.508	-130.328	
-91.419	159.615	197.509	
-176.977	-69.1915	191.679	
-220.695	-154.163	-18.5735	
-229.047	-141.835	15.6988	
-229.189	133.013	50.8065	
-238.271	96.0256	-82.7016	
-170.397	-21.2228	208.243	
-115.375	243.623	-13.1262	
-209.04	-117.865	-123.485	
-253.567	-49.1518	78.2651	
-230.826	64.8917	123.845	
-89.3763	97.5076	235.273	
-267.304	-3.56436	36.9192	
-127.545	-224.346	-78.971	
-103.406	-130.292	-212.538	
-206.029	170.18	37.791	
-198.214	-170.345	67.2665	
-129.957	-235.126	25.6835	
-250.705	-74.6977	-66.2011	
-238.372	-78.9584	98.9065	
-259.731	-0.322152	73.235	
-252.474	89.8365	-31.8917	
-163.86	-132.573	-168.569	
-109.464	-164.283	-183.959	
-264.346	11.0105	-53.2111	
-234.216	-26.3226	-131.489	
-125.006	148.141	-187.82	
-248.752	-0.739035	104.667	
-130.502	-80.7322	-221.971	
-138.562	204.11	109.454	
-198.391	67.0686	170.185	
-104.206	248.84	6.7473	
-268.884	16.2851	15.9074	
-116.187	-239.79	-42.844	
-184.224	-104.034	-167.561	
-224.495	-38.3738	-144.848	
-264.216	-47.5364	-27.3668	
-216.039	-116.923	111.715	
-113.969	-154.594	-189.621	
-231.81	126.954	-54.5875	
-209.449	132.634	-106.51	
-220.469	83.4152	-131.375	
-122.185	-240.55	4.93355	
-213.55	164.321	14.555	
-206.96	130.047	114.432	
-117.835	-231.597	72.7281	
-268.431	7.78961	-26.7603	
-226.822	17.4695	-145.234	
-163.351	162.937	-139.999	
-90.7481	-64.0104	245.901	
-167.756	68.9835	-199.892	
-164.726	33.0107	-211.234	
-259.413	-25.6102	69.8817	
-146.894	188.957	124.721	
-181.582	-135.138	146.946	
-157.658	-190.612	107.921	
-106.276	62.0325	240.173	
-175.402	198.402	-51.7635	
-156.88	-202.126	85.8156	
-263.193	-37.9185	45.9337	
-180.039	199.208	-26.8064	
-249.621	37.3298	-95.6107	
-268.519	19.707	-18.2065	
-263.791	56.8303	-1.16858	
-139.888	-163.348	-163.088	
-192.523	-187.388	24.639	
-192.5	-31.8417	186.453	
-218.059	158.062	-16.295	
-202.902	6.69042	177.788	
-254.977	69.9706	53.7792	
-100.056	50.4984	-245.52	
-175.763	87.1531	185.328	
-115.121	104.959	220.412	
-200.273	-140.62	-113.809	
-226.2	145.524	21.9898	
-170.243	209.385	-0.677962	
-255.137	-73.9914	47.4902	
-133.553	227.344	-57.419	
-130.369	-46.0404	231.799	
-136.486	-4.42014	232.819	
-165.188	204.235	61.8204	
-218.997	15.1523	156.962	
-121.614	233.352	-59.6735	
-93.9146	114.117	-225.784	
-172.632	124.759	165.736	
-98.8793	97.7021	231.362	
-245.268	36.3205	106.607	
-115.938	130.807	-205.639	
-236.452	123.284	-41.5969	
-139.523	-229.119	-29.7556	
-212.921	-56.6876	155.904	
-178.415	178.003	-96.4379	
-176.242	-90.0833	183.402	
-168.09	-70.3158	199.08	
-186.126	-131.022	-144.979	
-156.566	-119.577	-184.468	
-229.765	-141.502	0.895274	
-162.159	102.641	-189.743	
-110.024	-2.05382	246.438	
-132.692	85.6611	-218.882	
-85.1559	-39.0961	252.929	
-151.931	179.955	-131.77	
-162.705	-139.853	163.642	
-231.165	106.91	-89.2727	
-178.875	-189.116	71.0693	
-244.27	-72.3658	89.03	
-227.176	-57.5346	-133.845	
-164.383	-57.5472	-206.146	
-253.695	-36.1312	-84.6308	
-251.055	51.7416	-84.4287	
-225.533	146.891	-19.0834	
-140.898	-69.7792	219.368	
-243.263	-92.5053	71.3213	
-244.359	98.7238	57.8174	
-156.045	181.376	124.83	
-224.52	53.0775	140.032	
-145.246	38.9799	224.129	
-166.015	121.85	-174.37	
-153.783	221.549	10.3195	
-234.519	-111.514	-73.5469	
-181.063	-1.22028	-200.135	
-224.374	98.5421	-112.999	
-256.089	64.3947	-55.5989	
-142.312	136.317	184.374	
-116.358	159.092	184.377	
-208.452	-163.645	-50.9205	
-266.483	-39.6582	-15.5477	
-210.561	-69.6288	153.716	
-233.075	-45.1441	128.312	
-103.564	106.579	225.316	
-198.9	-15.7619	-181.718	
-243.772	50.56	104.078	
-151.91	90.0268	-204.087	
-251.792	69.0362	-68.34	
-151.348	-65.9654	213.488	
-230.58	123.633	66.1392	
-111.793	221.884	-105.253	
-256.768	-76.2202	-32.8767	
-188.402	-167.204	96.87	
-155.812	212.543	58.04	
-239.733	123.309	12.0656	
-182.661	156.176	-122.738	
-102.248	-16.8577	-249.142	
-208.646	171.084	4.98806	
-226.964	-128.384	69.3986	
-254.629	-80.6816	38.5308	
-164.997	174.047	123.748	
-250.058	48.624	89.0787	
-137.097	-100.758	-209.522	
-170.761	107.297	-179.309	
-219.528	-152.034	39.1332	
-263.785	43.3411	36.6785	
-204.359	52.7562	168.17	
-254.957	3.79254	-88.3699	
-202.435	-160.02	78.9502	
-170.225	-112.816	176.435	
-142.29	229.171	8.63484	
-136.784	-135.732	188.908	
-250.023	24.7956	98.5087	
-169.843	-203.65	-49.914	
-179.137	-153.352	131.154	
-92.6207	33.5834	251.256	
-246.692	-109.324	0.858003	
-154.705	-127.648	180.546	
-190.92	189.72	-19.3925	
-223.244	-139.431	59.6332	
-188.695	-4.72785	-192.893	
