3108	3120	5328	5330	749	1408	
3411	1035	3413	2605	2205	134	
3519	3306	5022	3521	5	
2853	2514	3828	3966	3830	6	
5740	4833	4835	3970	2332	4570	62	
2412	5938	3312	3314	959	958	8	
4107	5214	5216	2283	2589	
849	4743	4745	2254	20	
5592	2073	2075	5295	5297	22	
5218	531	4845	4847	3198	1745	
685	3033	5743	4685	1093	146	
1087	5545	1950	1951	3479	3478	
1941	2187	4887	4889	32	
822	3069	5745	3912	4635	3914	35	
1350	2481	1352	5523	5525	
4842	3714	5635	3716	3715	2899	
2390	3993	3995	358	408	44	
5500	4278	4280	1846	841	5694	92	
3249	1341	2628	2630	268	50	
1744	1170	4939	4509	4511	469	
130	2118	5898	5900	56	
1188	600	2406	2408	1870	59	
1186	2538	5739	5741	62	
4077	4079	4078	2836	65	
4014	4016	1670	812	1621	98	
4194	1914	492	5541	5543	265	
3369	3371	2045	890	3673	2077	74	
1863	4824	1032	4458	4460	77	
5686	1881	4103	550	80	
128	5910	5912	4836	83	
3092	3091	1592	1807	86	
5193	5769	5771	2422	88	
1635	1780	5499	5501	92	
921	5472	5474	5473	4153	95	
5673	5675	1097	2047	98	
2175	5245	1419	4956	4958	101	
4980	4982	2197	1986	1988	3754	
775	5862	5864	917	1819	107	
2319	2321	5800	5184	5186	110	
3123	3125	1296	1521	1608	
4884	5127	5652	5654	1211	116	
1335	3177	117	222	2730	1509	2732	119	
462	1734	963	1736	854	1627	122	
4230	3238	4686	4688	4687	125	
83	4113	4115	1910	3814	2475	
2865	2867	5229	5749	5231	131	
1918	3486	4305	3488	48	5178	134	
5439	5441	478	137	
2454	15	2631	480	5919	5921	140	
5524	2482	4605	4607	340	1741	
2592	5196	5198	5197	2768	146	
5688	39	5340	3501	3503	2194	149	
324	4182	4184	2557	152	
17	2880	1767	2882	1442	607	
2563	1455	1457	3087	3089	158	
2910	3501	2912	5727	5729	161	
4227	627	5556	5558	2945	164	
4224	2228	254	2227	167	
750	2685	369	3699	4923	3701	
2365	1824	3756	1826	3609	3611	173	
3000	3002	5101	4908	4910	1537	176	
5826	1473	2922	3878	4632	4634	179	
1464	2820	2822	731	1489	182	
5880	5814	5816	3286	184	2514	185	
3234	5163	5165	5137	1684	188	
381	1446	4401	4403	781	191	
5350	4674	3877	2315	5284	194	
2916	5745	5747	1606	197	
444	1845	3321	3960	3323	200	
1050	3150	4980	3837	3839	203	
2074	2466	3660	4179	3662	901	206	
439	3024	846	5493	5495	209	
1591	3220	987	1806	2173	1808	
3672	1900	4788	5496	4790	215	
5835	190	1662	5118	5120	218	
1773	1775	232	2265	457	221	
1218	2880	975	1769	1108	224	
807	1719	3158	5313	5315	227	
5125	3903	3905	2273	318	230	
2577	402	2579	1178	1632	233	
25	2304	5481	5483	236	
4473	4475	1151	2270	5908	239	
5611	2358	1734	4890	4892	1810	
508	4989	4991	1877	245	
3765	5150	5149	2096	5497	
2010	5811	2012	5790	5792	859	251	
2228	4226	4225	3729	3731	512	
4688	547	5238	5240	257	
82	3348	5583	5585	260	
4302	3231	2403	4320	4322	263	
3484	2091	3456	4195	1915	3458	266	
152	1749	1751	951	1750	2244	953	269	
2715	2717	563	2167	272	
4938	2061	4705	4134	4136	274	275	
2340	4657	4098	4100	277	3655	278	
2301	1002	4920	5892	5894	281	
3750	2460	1243	1244	2462	284	
5965	2215	2190	4596	4598	312	287	
1140	3868	110	5185	2418	2420	3583	
1962	3062	3061	4539	4541	293	
3978	2505	4593	4595	295	296	
4389	4882	4391	3177	299	
537	1423	3579	3581	2443	5734	302	
256	1665	4173	4039	2657	305	
3358	2421	4314	1517	3142	4316	
721	58	4221	4223	311	
694	1314	5649	5651	1378	314	
1404	5514	996	3507	3509	2393	317	
3423	2850	5578	3465	3467	644	320	
4915	2928	4494	4496	3919	323	
636	5901	2426	633	3626	1814	326	
3459	3461	2504	1274	2151	329	
675	3999	2145	2435	5110	1277	
2203	2931	2933	1472	2875	335	
703	4863	5286	5288	3212	
2773	1044	5376	5451	5378	341	
2634	4257	4259	2499	1286	2501	344	
5547	5549	1359	2721	2723	5614	347	
598	5421	5423	2680	350	
5646	5648	1329	3906	353	
2829	4755	4650	4652	1384	356	
1488	2748	57	2750	1514	359	
3627	360	648	5304	5306	362	
2601	363	3130	5775	698	1465	
3084	5098	87	4878	4880	3044	368	
4924	2703	4449	4451	743	371	
2529	4353	4355	4165	374	
2841	5202	5204	4300	632	
4143	3512	3235	833	5692	2826	380	
792	3037	4326	4328	382	383	
754	3172	1647	3332	1597	386	
5856	5858	791	4747	1605	3040	
3585	1545	4861	1710	4584	4586	
3153	4206	3948	3950	1613	1365	
1840	3364	801	5713	4502	398	
4929	1685	1684	4764	1589	401	
3187	233	2266	1177	1634	
1584	1586	795	797	1645	407	
3072	4425	3476	1543	
4678	4791	4793	1181	2353	413	
177	4017	1672	5779	416	
3900	3774	3776	1979	5068	419	
406	1644	1623	1625	1624	422	
1879	1731	5358	2304	3372	4968	3374	425	
4827	4829	1853	4819	902	428	
3711	4441	2646	3713	3664	430	
21	5829	4707	4709	863	434	
4533	5027	3385	1642	437	
4523	2041	439	1095	5335	440	
2133	4617	4619	1838	3391	443	
200	3322	1680	3564	5160	3566	446	
4210	4245	1790	914	449	
1056	2238	1058	3552	5010	3554	452	
5508	5510	225	4347	2030	
4204	2004	2006	3618	3620	458	
3393	3395	1850	4840	1723	461	
4962	2360	1223	1222	546	464	
3594	1137	4476	4478	467	
4563	201	1989	3929	470	
3813	2127	2129	5448	5450	473	
2305	1021	4201	3453	3455	1835	476	
3612	3614	2003	884	4516	479	
3444	3446	1652	1857	950	482	
1708	3722	4902	4904	485	
2661	3078	2663	2689	488	
1774	1786	875	1705	2274	220	2276	
4011	4013	2105	493	5757	494	
1300	4044	2667	3780	2051	4561	497	
5586	5588	2509	2375	1214	500	
5518	1042	1748	983	1759	503	
1750	118	2064	2066	968	506	
1158	1980	5355	5697	5357	509	
3206	4599	4601	511	254	512	
4035	4037	3535	816	3384	515	
1986	1051	5004	5006	5005	518	
1995	2277	5175	5177	521	
3924	5634	5636	3714	1640	524	
891	3597	5787	5789	4606	527	
5799	1104	4656	4658	2340	530	
3198	4846	1743	5658	5660	533	
5343	5345	2137	535	5854	536	
4297	302	1902	5951	539	
3222	850	4604	2519	2518	
2578	1239	2235	2361	2363	2622	2624	1176	
5576	2489	3676	547	4686	548	
2379	2163	2688	2165	1124	551	
4690	924	5151	5153	2099	
4578	4580	2335	2248	557	
5937	5939	2412	2414	1091	560	
2716	1188	2166	2168	563	
955	3668	5115	5117	2438	
2185	3606	3225	4944	3227	569	
108	5529	5531	5134	2428	572	
3717	4137	4139	2493	1064	575	
3504	3506	2339	2463	1118	578	
2085	4761	2087	4332	5712	4334	
3315	1868	1866	5553	5555	583	
5502	5504	3870	2378	3646	
1027	4002	1956	5637	5639	590	
3387	3389	4146	2510	2373	592	593	
4914	2736	2539	3702	2598	3704	596	
1971	1973	3264	3327	3266	599	
602	1338	1340	2980	2202	2204	
1631	5655	5657	604	605	
2289	4901	5883	4899	2291	2290	1226	608	
4428	4430	2310	2312	5182	611	
5241	5243	2282	4129	1397	614	
1244	5043	5045	2303	1193	617	
1210	4093	2988	3777	3779	619	
502	3479	3477	2400	2402	1175	623	
2242	2793	1289	625	626	
5631	5535	5537	1259	4645	629	
3771	3773	2453	631	377	632	
5157	5159	2857	2952	635	
5559	1812	1230	3624	1182	3885	
4376	2606	3634	2605	1919	641	
5298	5300	2921	5761	2161	644	
4779	4781	1271	646	4845	647	
2112	5304	4419	4421	1436	650	
2877	2879	4242	4244	652	653	
4356	5331	5333	2351	1205	656	
1254	5341	1842	1844	4365	4367	659	
4467	4469	2554	1379	4525	662	
5148	3765	248	2651	5569	665	
1251	5049	5388	5051	4876	1253	
1458	5361	5880	5882	671	
5928	5208	5210	4917	2753	674	
4767	5213	5211	4769	2693	2692	677	
5643	5645	3051	5312	5311	680	
1150	3435	681	2607	3303	3305	
5514	5516	3675	1406	5197	686	
1110	2619	532	3345	3347	689	
2223	2225	5608	2224	3897	3899	
3399	4306	3401	3030	3821	3819	695	
5777	5776	1399	2676	2678	1466	698	
3285	3267	3269	2474	2653	701	
702	2949	5382	5088	5090	1325	704	
1285	4575	4622	4621	4577	2395	707	
2890	1479	5425	2664	3603	3605	710	
1474	2832	18	2755	5373	713	
5475	5477	5476	3099	716	
1449	3111	1451	5443	3783	3785	719	
3003	1440	2730	3063	1511	3065	722	
356	4083	2364	4085	725	
1432	4252	657	5688	5690	4417	
2821	1297	3020	1490	2956	731	
2998	2915	4471	3918	3920	734	
5460	5462	3442	1403	737	
3862	5079	5081	2939	2572	5662	740	
4450	5808	5878	5810	765	743	
2931	2907	2909	3079	976	746	
5329	3687	3689	2615	1409	3859	749	
5201	5199	750	5319	5321	752	
1533	5626	3171	1535	3173	754	755	
3764	4671	3762	4673	3098	758	
4248	4250	5140	1538	3046	761	
1506	4427	1548	3476	3474	1508	3377	3376	3059	3058	2955	764	
2812	5301	5303	1568	767	
768	4713	5011	2960	1547	770	
1523	1608	1610	3186	3188	773	
1575	4716	4718	2996	2827	776	
3091	1590	3249	3251	1604	779	
782	1648	216	4809	4811	3244	
333	2202	2733	2735	785	
1549	786	1707	5476	1542	3101	
5857	96	2895	4746	4748	791	
4140	4142	3403	1595	3133	794	
210	2908	1539	1644	1646	797	
1657	5824	399	802	5136	5138	800	
3081	4590	4592	3248	1562	803	
806	2274	874	2985	2987	
454	4347	808	410	3072	1945	
1669	4206	4208	3940	812	
1837	280	5715	5717	814	4543	
5796	5798	12	1641	1643	4498	
4	4448	4446	1560	3093	3095	2965	821	
4695	3890	1803	1805	3337	824	
204	1631	1629	5646	4977	4979	827	
1737	5400	5402	3162	830	
1660	1755	1757	5691	5693	833	
240	122	3189	3191	836	
5718	5720	1778	1777	839	
1781	1635	5694	5696	842	
1732	3975	3977	1694	5074	845	
4215	5457	5459	3082	847	848	
20	3168	3368	484	1655	851	
1735	3817	121	5403	969	1626	1628	854	
1678	3696	3698	3697	1671	857	
655	295	4594	4404	4406	860	
4708	1899	4896	4898	888	863	
5274	5276	865	1680	866	
5155	4556	1797	1799	1891	869	
5076	5078	5077	3213	4512	1890	
835	1704	3090	1706	875	
3834	3836	1847	3517	878	
5283	414	4821	5620	4823	2213	881	
882	3228	4515	3230	4517	884	
4287	4289	1752	1754	5962	887	
2044	5944	862	433	3672	3674	890	
3990	3992	3417	38	5889	893	
4329	4331	193	1935	1937	896	
3411	5178	5180	1966	899	
4155	4157	1772	1771	902	
1782	903	5904	5906	5605	905	
5124	5126	230	1815	4803	908	
2073	594	2538	5805	5807	911	
1789	241	3942	3944	913	5430	914	
5863	1894	4050	4052	3538	917	
3807	3809	1802	1257	920	
1953	1617	4679	4678	923	
3202	4038	4040	1665	1667	
5802	5804	2021	4393	928	929	
4534	4385	2325	2327	932	
5307	5309	2292	2294	5455	935	
127	4437	4439	4291	938	
3222	2116	157	1928	3522	941	
2271	557	3735	3737	2081	944	
4692	4694	2559	1929	1830	1832	946	
3483	3485	3484	949	2385	950	
2246	952	981	3854	3853	953	
3666	3759	955	1337	1882	956	
1730	2382	3297	4338	3299	959	
5379	5381	2318	961	3612	962	
2169	2171	4209	4211	4210	965	
2065	79	1860	1862	1861	967	968	
1887	5403	5405	5404	1855	
391	5400	1739	3810	3812	1961	974	
975	17	155	486	2445	2447	977	
528	108	5886	5888	980	
1747	952	304	1758	2400	1760	983	
2218	5923	343	5064	5066	2156	986	
989	1806	420	422	2172	2174	
5865	2088	3963	3965	991	5973	992	
2256	4843	4557	4559	994	2181	
4626	2391	684	3831	3833	2186	2185	998	
5790	2011	2208	5532	5534	1001	
2142	5892	615	2025	5019	5021	1004	
2004	1005	1966	5179	3282	3284	1007	
494	2067	5577	5579	2850	1010	
4023	886	65	4551	4553	1970	1013	
4623	1923	934	5700	5702	1016	
4180	131	5230	4043	1976	1019	
423	5850	864	4948	4932	4934	1022	
1905	1938	3795	1024	316	1025	
36	3	1947	4032	4034	1028	
3693	5478	2490	2492	4021	1031	
2113	4824	4826	4825	2121	1033	
5946	3561	1917	897	3563	2591	1037	
1040	3366	3168	2254	2255	1039	
4485	4487	5589	150	2070	1043	
709	4308	4310	2054	4732	1046	
4271	2229	3216	2231	1104	1049	
1052	5014	201	5616	5618	2198	
3558	4976	4975	3560	298	
2238	3636	906	3513	3515	1997	
1843	4431	378	5844	5846	1061	
4740	4742	3630	1063	1064	
1067	2056	522	3924	3926	3568	
2251	3865	515	252	2226	3729	1070	
271	4104	664	2117	1073	
4545	2253	3720	3825	1708	1076	
2808	1053	4976	5736	5738	4759	1079	
602	744	335	1869	1871	1082	
466	4212	1832	4214	1085	
5544	5546	1087	16	1041	
3192	4411	3981	3983	1090	1091	
1480	293	5952	5954	2060	1094	
5674	4965	4967	2046	2048	5398	1097	
3327	3329	372	3738	1099	5421	1100	
3984	637	2545	3957	3959	1103	
2229	4270	4701	4703	1106	
2662	223	2064	487	2688	2690	
5244	5246	2175	2177	1112	
3294	4413	3296	2249	2335	4579	1115	
4698	4770	4700	1117	4240	1118	
5712	5714	801	2439	1121	
2164	504	1872	1874	1123	1124	
2278	4984	2178	4407	5832	1127	
3582	5142	5144	4753	1130	
4704	4706	2061	2000	1133	
5506	3717	3719	2442	2444	2596	1136	
5668	3594	3596	1831	1914	1916	1139	
2014	2419	5133	2533	5135	1142	
3686	3685	3253	2149	3921	
2411	4065	2367	4067	1148	
2268	126	5322	5324	2477	3436	
3549	3989	3987	3551	2537	2536	
4854	2016	3951	3953	4006	1157	
1980	904	5604	4125	2699	1160	
885	4113	4836	5911	4838	1163	
2189	2188	2585	3891	3893	1166	
1167	971	4574	2024	3310	
2790	4509	4161	2580	4163	1171	1172	
2401	505	2511	2513	1348	1175	
545	1176	2623	2265	2267	1178	
4792	880	4386	856	3600	3602	2354	1181	
5559	638	5561	4065	78	2369	
5895	5897	2331	2333	1187	
2564	158	541	271	1071	4482	1189	1190	
2520	4852	3800	1192	3663	1193	
3645	2739	5652	5129	1195	1196	
4615	251	585	5091	5093	1199	
635	2954	5388	5390	2556	2558	
2350	4335	4337	2234	1204	1205	
680	5958	5960	3448	2602	1208	
5653	2710	4092	4094	1210	620	1211	
2374	4436	2210	5167	2209	1214	
3627	3629	2123	3571	2224	1217	
224	549	2379	2381	1220	
2359	2307	5526	5528	1223	
1224	2874	2724	2726	1441	1225	1226	
5278	4074	4076	4009	1229	
5337	5339	2330	3292	1232	
5964	5966	287	1234	1235	
5490	5492	595	2928	1237	1238	
2622	4030	4107	112	4109	1241	
2460	3752	3751	3641	2027	4921	
2736	4710	4712	1246	4833	1247	
1156	588	3555	4032	3557	3556	1250	
330	667	5211	5212	1253	
5727	2911	659	4366	3381	3383	1256	
5536	2718	2720	4918	4644	4646	1259	
3723	3725	2843	4801	1974	1262	
5929	2530	4995	4997	4344	2702	
3147	3804	3359	3358	308	2423	
4780	4116	4118	2480	1270	1271	
4239	4870	4241	1117	4699	1273	1274	
2434	2636	4999	2635	1252	332	1277	
5208	1264	346	4452	4454	1280	
154	1821	1823	4044	4046	4045	
2499	4258	3882	3884	1897	2840	4912	
2795	1342	2814	2816	2656	1288	1289	
342	4998	344	4749	1292	
2878	198	4653	4655	2561	1295	
3124	2684	729	3018	1297	1298	
5706	2322	2094	5721	5723	1301	
5326	4254	4256	2706	4906	2157	2159	
2206	695	2525	3339	5641	3341	2588	1307	
2851	4728	4730	3496	1310	
3757	4323	1312	2905	4756	1477	
5145	2259	142	3597	3599	3319	1316	
5955	2568	132	3951	5292	5294	1319	
2620	321	55	5838	5840	1322	
5089	3492	3494	2744	1500	4665	1325	
1309	4797	4799	2456	5248	1328	
4783	3906	3908	2823	2825	1331	
5883	5885	54	4149	2694	2696	
2469	5094	5096	5095	1882	
1080	561	2727	2979	2981	1340	
2242	1343	2628	777	1704	2241	2243	
2506	5631	5633	3871	1346	
2655	3405	553	3407	2775	2777	
2481	526	4398	5889	5891	2405	
2934	4342	4095	3653	1354	1355	
5934	5936	2370	2372	5113	1358	
2721	4311	4313	4312	2660	1361	
5250	610	5205	1228	3300	4008	3302	1364	
5860	1367	2917	4356	4358	2807	
2748	357	2727	2729	1370	
559	3420	4437	3422	2891	2890	1373	
2745	669	2610	3738	3740	1376	
1221	313	5610	4524	4526	1379	
4629	4631	1813	3801	2858	1382	
2847	2849	3826	4317	2364	4319	
2473	5868	5870	3718	2654	
2608	5925	5927	2549	1391	
5193	5195	363	2486	1394	
2281	4518	4520	2714	2713	1397	
1398	5055	5057	2237	1400	
3786	3788	1402	1420	5062	1403	
2766	4680	4682	4608	3203	2488	1405	
2901	2903	2902	3858	3860	1409	
2892	2691	3429	3431	1411	5262	1412	
2989	5853	5855	2873	1415	
4091	2864	1417	2223	692	1418	
4905	4907	2706	4255	2708	1421	
3270	3480	3272	2969	1423	1424	
3915	5416	3917	2976	2978	1427	
3055	4489	5436	5438	3850	
4479	3042	186	3669	3671	2348	1433	
4420	2950	5394	5396	3067	1436	
2861	3325	5877	5879	5808	1439	
2881	3003	3005	3004	1441	2725	1442	
3936	3938	2394	706	4492	2396	
2673	2574	5625	5627	1533	1448	
3111	5619	5621	4821	2771	
124	133	2802	3972	3974	
156	334	1224	2290	2397	2399	1457	
5487	5489	3652	2679	5698	2681	4120	
4908	3001	345	4794	4796	1463	
2817	2819	364	697	365	1465	1466	
2525	3819	1318	1468	1469	
2932	486	310	2724	2876	1472	
3876	4632	3117	3119	1475	
4812	4814	2904	4650	2906	
5352	2664	3060	3792	3062	3794	1481	
760	4848	4850	2780	5539	1484	
346	672	4344	4996	4346	1487	
3019	359	1513	2955	2957	1490	
5169	5171	2997	2999	1493	
3547	2830	3195	3519	3308	3307	5475	2942	
2812	2813	4893	4218	2811	4220	1499	
5565	1324	5567	4663	2195	1502	
4416	4662	4073	2963	3769	1505	
181	808	225	4349	1946	3375	1508	
3063	222	4390	1055	298	1054	3179	
3048	3050	3427	762	4872	3140	3138	764	1513	1514	
1515	2685	5199	5200	3415	
1059	4176	3510	4143	4145	1520	
773	772	1633	2983	3114	3116	
4923	4925	371	765	2973	2975	1526	
14	421	113	3144	3146	1529	
367	4662	4071	4664	3027	3029	
4911	3171	4620	4575	1534	
5664	5666	3047	3433	1538	
210	795	49	153	3078	3080	
787	4971	4973	3157	3100	1544	
2959	3585	392	3587	1573	1547	
4425	410	181	3474	
2896	196	3695	5478	5480	3104	
403	2173	989	2982	2984	1556	
5418	3888	4695	4697	5407	1559	
3247	4446	1561	4058	4056	1562	
5097	5099	3084	3086	3499	
5302	4191	4193	766	1425	1567	1568	
4352	4351	89	4047	1571	
5581	3151	1113	5793	5795	3163	
3196	776	5058	3135	5060	1577	
3025	4215	4217	3122	4456	1580	
5822	3242	3764	3763	1583	
3180	3182	1585	49	1586	
4766	4765	3252	3175	3642	1588	1589	
779	3219	3221	1591	212	1592	
3106	5385	5387	3134	1595	
1593	3846	3848	3245	3823	
803	4056	3185	5227	1601	
3250	778	3180	1584	1603	3219	1604	
1552	790	438	5334	4112	3041	
1521	85	2820	3126	3128	1610	
4062	4064	2349	654	4363	1613	
141	937	5925	5484	5486	1833	
923	413	4152	5257	4154	5473	1619	
3154	197	388	5187	3939	3941	1622	
111	783	785	2734	1528	1625	
84	1342	489	853	1785	3189	1627	1628	
5655	204	933	5967	5969	1630	
804	220	806	2986	1633	404	1634	
3011	4278	3009	906	3638	1637	
4842	41	4844	2256	995	1640	
436	4866	2079	4497	4499	1643	
406	420	987	796	1645	1646	
51	4952	780	1648	1649	
3445	150	5591	3525	1652	
3170	3531	1654	1825	1655	
87	5823	5825	1657	1658	
3468	3669	3470	3236	3343	1661	
5118	3930	435	5025	4533	4535	1664	
256	3996	3998	926	4609	1667	
4015	3396	3398	837	3948	1669	1670	
5778	5780	1672	4019	4018	
794	1594	5017	4359	4361	1676	
717	2118	1330	4053	4055	1679	
5160	5162	844	840	1681	1682	
4929	4931	799	1755	831	3342	
3199	5874	5876	5170	2019	1687	
3450	3452	2517	1690	1691	
3976	289	2178	5073	5075	1694	
3204	1761	19	435	3932	1697	
1614	559	4506	5670	4508	4507	1700	
459	4127	4125	5676	5678	1703	
123	86	211	874	1705	1706	
5121	2789	3099	1707	483	3426	
4584	52	2418	3678	3680	1712	
567	4272	4395	2184	4397	1715	
3229	4422	4424	1876	5047	1718	
4197	4971	4199	2940	1720	1721	
1722	4782	460	2466	3726	3728	1724	
3789	3791	442	1726	523	1727	
4815	4817	957	5586	1729	2382	
4968	4970	1968	843	1732	1733	
3816	4964	4962	3818	1735	1736	
3654	3656	277	4099	1738	3810	
2007	4734	893	4398	4400	1742	
533	5659	1133	5217	5219	1745	
1746	2329	3852	981	1747	1748	
1201	3473	3471	504	1122	1751	
471	4077	886	5961	5963	1754	
799	4930	400	5106	5108	1757	
3477	1951	1952	4485	982	1759	1760	
1761	1695	252	3384	3386	1763	
145	2644	4945	3438	3440	3439	4038	1766	
977	2446	745	488	1768	1769	
1770	4611	4726	4613	3661	1772	
1006	834	836	3258	3260	3259	2275	1775	
5719	148	3762	4737	4739	162	1778	
4992	4994	4983	450	1780	1781	
905	2125	509	5520	5522	1784	
853	624	2241	835	1786	873	1787	
4247	5259	5261	5347	1789	1790	
4947	4949	864	1792	1793	
40	4380	1242	4382	1795	1899	1796	
676	5262	5264	1798	4513	1799	
3808	4122	4164	4124	2797	4228	1802	
81	3774	2109	417	3336	3338	1805	
403	1554	2985	211	1807	212	1808	
5610	5612	1810	4891	1912	1811	
4158	4160	2368	2856	1814	
5191	91	2067	5757	5759	1816	
1818	1720	106	3537	3520	3539	1820	
606	2694	2669	2667	1823	
1311	355	2848	3408	4743	3410	1826	
418	5502	2430	4773	5091	4775	
466	1083	5463	4959	4961	3595	
5763	5765	1012	1834	1835	
4618	603	2292	5308	903	3390	5439	3392	1838	
1578	4776	67	3363	3365	1840	1841	
2346	147	327	4176	4178	1844	
3835	444	446	3565	3516	3518	1847	
3394	825	5307	4839	5967	4841	1850	
4828	1303	5325	4818	5838	4820	1853	
1854	546	5527	5601	5603	1856	
3483	1857	3525	5590	3527	1939	1859	
1602	268	2629	505	1173	1862	
77	4459	4941	4943	1865	
3315	584	5349	3317	411	1954	
1471	156	1455	1081	1870	2407	1871	
151	2556	5389	550	4102	565	2470	1873	1874	
5046	5048	1876	4423	1717	1877	
5274	1878	1792	5850	5852	1880	
3934	1164	297	956	5095	566	
5451	5453	2670	1045	1886	
4232	5370	5372	3237	3239	
5077	871	5154	5156	869	1892	
5732	1143	5508	455	1894	1895	
1696	4950	51	5628	5630	1898	
4896	1795	282	213	3987	1901	
1135	5916	5918	1903	3807	1904	
3225	3608	4371	4373	552	1907	
4114	887	1753	3813	3815	1910	
965	449	5430	5432	1913	
4194	4196	3456	2093	2092	1916	
3412	5946	5948	4374	641	
3348	3350	1921	4312	2658	1105	1922	
4623	4625	1924	2280	1925	
3224	5253	5255	1927	1928	
1929	5001	5003	1084	1931	
5598	5600	1321	1933	1934	
3744	3746	1936	4560	1937	
3797	3795	997	139	4476	3351	1940	
32	4888	1165	2832	4758	4760	1943	
4536	4538	3012	3377	3375	
588	591	4002	4004	1949	
1043	5517	5519	503	982	
58	4566	4568	1867	3316	1955	
3952	1956	591	1156	4005	4007	
3879	3881	2791	1960	1990	1961	
4539	4660	45	5277	5279	1964	
219	1965	4266	4268	1967	
4552	5103	5105	1969	1970	
322	4848	4647	4649	2457	1973	
4042	5595	5597	1975	2467	1976	
3775	250	5859	5067	5069	1979	
5697	5699	2679	670	1982	
216	780	4951	5835	5837	1985	
518	2089	3753	3755	1988	
203	1546	5550	5580	769	5552	1991	
4881	4887	4883	4389	2436	1993	
4719	4721	2958	1996	1058	1997	
4938	4940	1170	1999	5217	2000	
3613	5028	5030	2002	882	2003	
1007	3283	2200	221	2005	2006	
3990	4734	4736	1314	2008	5640	2009	
5813	1149	999	2011	2012	
3867	3869	1140	290	2014	2015	
3232	5041	4854	4856	498	2017	2018	
5803	2019	273	4392	4394	2021	
4573	463	26	4185	3309	3311	2024	
3640	615	4920	4922	2027	
454	809	807	2029	4050	455	2030	
577	2464	4086	4088	2033	
1809	3942	661	4293	4295	
907	4377	5464	4379	2038	2039	
5756	1030	741	5877	2860	2042	
3370	5943	5945	2044	2045	
1579	4455	5397	5399	2048	
3782	3781	896	4560	4562	2051	
4309	291	4731	4733	2054	
649	4167	1065	5913	5915	2057	
5953	5205	5207	4684	2311	2060	
4134	1998	5052	5054	2063	
223	1107	966	2065	2066	
5577	91	1817	4803	4805	2069	
3705	3707	1746	1042	2071	
911	5806	1702	461	4527	4529	2075	
2076	5707	496	895	4806	4808	
3736	4866	4868	1308	2080	2081	
1512	272	1038	2083	3368	3366	
3690	1266	3692	1119	168	2086	2087	
5865	5867	2247	2089	5005	2090	
481	5667	5669	1139	2092	
3767	3766	1299	5496	5498	2096	
5152	3405	4689	4691	2099	
5544	5034	5036	3796	70	2102	
4012	5463	5465	4377	2104	2105	
4200	4202	1021	2107	4933	2108	
2109	3900	3902	2110	2111	
650	3067	5395	3708	4168	3710	2114	
2117	1072	542	3224	157	4483	
5898	717	1677	4019	4017	3462	3464	2120	
3628	2121	136	3570	3572	2123	
1848	507	5676	5604	5606	2126	
1011	5961	4023	4025	2128	2129	
5829	5831	1003	4081	2132	
4080	4617	4082	1003	5830	1015	2135	
586	2740	4587	4589	4444	2138	
979	115	4443	4445	2140	2141	
1004	5020	4542	4544	814	5716	2144	
3999	4001	2262	3933	2264	2147	
5644	3588	3175	1570	5310	3051	
2151	1273	658	4368	4370	2153	
5065	735	4299	4301	2155	2156	
99	5598	1932	5325	5327	2159	
1008	4011	1010	3423	3425	2162	
487	118	951	1122	2164	2165	
2562	1190	562	3450	1689	1038	2167	2168	
1911	4890	462	240	834	2170	2171	
784	3144	1522	988	2982	2174	
101	4957	3276	3278	1111	2176	2177	
4408	4409	5832	5834	2179	2180	
994	4558	442	3790	3567	3569	2183	
3832	4272	4274	1023	3608	3606	2186	
1992	3668	3759	3761	2583	2188	
5751	5940	5753	3694	1028	4033	1948	
5070	5072	3502	3022	4666	2195	
5617	516	4359	5013	5015	2198	
447	4209	2170	1006	1773	2200	2201	
333	783	601	2907	2203	744	2204	
4305	4307	3399	2206	2207	
4435	2208	999	5166	5168	2210	
4822	4386	4388	2212	2213	
4668	5235	4670	1498	5941	2215	2216	
718	5922	5924	2218	2219	
288	3867	3681	3683	2222	
1417	2863	1215	5607	5609	2225	
511	3215	3214	1069	868	2227	
3216	1106	4702	1105	4131	4133	
4336	3978	3980	2233	2805	2234	
5056	1239	696	1399	2236	2845	5623	2237	
5010	5012	4713	2239	2240	
624	489	2795	2793	2243	
2244	506	967	2245	304	2246	
3540	3542	1114	3735	2248	2249	
3290	3864	3866	2251	2252	
4744	4545	4547	4546	1039	
4557	1639	279	172	4262	2258	
5145	5147	2035	2260	2261	
3933	3935	954	634	2263	
232	2275	490	2266	1632	2267	
2476	3304	5907	5909	2270	
4548	4550	229	3543	2272	2273	
804	1177	490	3259	491	2276	
5175	64	4983	4993	4985	2278	2279	
5242	1924	4624	74	4128	4130	2282	
1917	4203	4205	458	3619	
4464	4466	4465	2344	2287	5343	2288	
1333	154	1283	1281	663	2397	2291	
603	1836	5454	5700	5456	2294	
2295	5349	5351	194	2314	1179	
582	4974	5736	3558	1055	2300	
5044	279	4851	4853	2520	2303	
5481	5358	5360	2107	2305	2306	
124	1454	5280	5282	2022	5601	2309	
2052	1092	5181	5183	2312	
879	73	5442	5283	5285	2315	
5380	5412	5414	2317	2318	
1047	4269	1049	5799	5801	2321	
5706	5708	2076	2078	2323	2324	
556	931	5973	5975	2326	2327	
5338	1182	2424	4182	3291	3293	2330	
243	4569	4571	2332	2617	2333	
451	2239	768	4059	5793	4061	2336	
5817	5819	1116	5913	2338	2339	
4098	4638	4640	2341	5934	2342	
570	4488	3054	3732	3734	2345	
4251	4253	1432	728	2347	2348	
5332	394	1203	3480	3482	2350	2351	
5256	5258	4152	2353	2354	
2409	1148	4066	138	3534	3536	2357	
4964	4963	4238	1377	2359	2360	
2361	180	28	5445	4031	
4084	1311	3756	3758	3757	1313	
2410	513	3864	3289	1184	1812	2369	
53	469	4510	5112	5114	2372	
4284	4286	1212	4434	2374	2375	
114	2709	1194	3645	3647	2378	
551	1123	1873	1219	2380	2381	
4338	4340	1213	239	2383	2384	
949	266	4281	4283	2632	2387	
2388	1944	2028	1145	3684	3921	3923	2390	
3508	4626	4628	2392	4857	2393	
2923	5871	5873	4576	1445	2396	
663	1456	5150	5148	2398	3087	2399	
1758	2245	1861	1173	2401	2402	
5890	4302	4304	1351	1352	2405	
1369	1080	1338	1082	2407	2408	
2409	2355	1068	2410	78	2411	
8	3298	4410	4412	3192	2414	
66	5286	336	4170	4172	2417	
52	1710	1128	3582	3584	2420	
4315	2484	3279	3281	3280	1268	2423	
5901	5903	1202	3473	3472	
571	2179	5833	520	4461	4463	2429	
2377	1195	5128	5703	5705	2432	
2433	677	1275	5109	5111	2435	
5724	5726	2437	2469	1337	2438	
396	5709	5711	1524	3805	2440	
5733	5735	2443	3580	2444	
1470	976	1540	2446	2447	
4110	5334	5336	5335	2449	4965	2450	
3772	2158	4953	4955	4800	2453	
4798	140	5920	5247	5249	2456	
4830	4832	1263	2458	2541	2459	
617	3663	3665	2461	2462	
4770	4772	328	3066	2464	2465	
4179	4181	1019	2467	2468	
5094	2437	5725	119	2731	1219	2470	2471	
4935	4937	1386	2473	1388	2474	
5323	128	2475	1909	3435	3437	2477	
4117	345	5289	5291	2479	2480	
560	1090	5220	5222	2483	
2601	365	2844	3356	3355	2486	
5575	2023	255	685	2768	1406	3677	2489	
1026	207	2947	4020	4022	2492	
4740	2493	4138	2416	3576	3578	2495	
96	789	5316	5406	5318	2498	
5364	5366	2500	4751	4749	2501	
3460	5847	4869	4871	4239	2504	
4593	2232	5082	5556	5084	2507	
4148	262	4284	2509	5587	2510	
622	625	1288	2512	1174	2513	
3966	3968	1416	2515	2516	
4603	247	4482	4484	2519	
5562	5564	616	2521	724	2522	
1469	286	5640	5642	3339	
315	652	4243	4026	4028	2528	
4353	2472	3648	5682	3650	1265	2531	
519	521	5176	4408	4752	4754	2534	
3550	4105	1153	5568	2537	
5739	594	5592	909	5594	2540	
2458	699	5682	5684	2542	2543	
1232	1231	3747	3749	2545	2546	
5926	5970	5972	2548	2549	
5040	2403	261	3417	3991	3419	2552	
27	3873	2802	4722	5526	4724	2555	
151	1872	3471	1202	5902	2425	5157	2558	
4654	71	3954	3956	3955	2561	
2562	2166	59	1081	2563	2564	
2503	3273	4812	576	3275	2566	3504	2567	
5955	5957	589	3031	2570	
5661	5663	2572	2938	2573	
5625	5391	5393	3855	1447	2576	
1609	543	2676	696	2578	545	2579	
2580	1132	274	4641	4643	2582	
2583	3760	2635	1276	2584	5772	2585	
5346	5348	5260	2587	2588	
3657	3659	1036	2590	2591	
5196	1362	5250	5252	2594	
2595	573	5505	5507	1136	2597	
2598	4725	4727	4611	4156	2600	
3354	2844	697	3447	3449	2603	
4375	1235	640	3633	3635	2606	
3303	3528	3530	1389	5484	2608	2609	
669	1374	5814	5361	5363	2612	
5232	5234	1530	2614	2901	2615	
597	2778	599	3969	3971	2618	
3345	174	4235	4233	5409	5411	2621	
1241	4108	544	3618	2005	457	2623	2624	
653	315	2526	4008	4010	2627	
1343	626	622	2511	2629	2630	
5919	1101	3984	3986	2633	
3491	3490	2634	4998	5000	2636	
4614	4616	1199	5092	2638	
2640	642	3534	3495	4797	3497	2642	
4680	2643	317	4857	4859	2645	
2646	939	4602	850	941	3524	2648	
1154	2095	2536	5568	5570	2651	
2652	3630	4741	3632	1387	2653	1388	2654	
4175	4174	2776	2512	2656	2815	2657	
1921	3861	3863	2659	2660	
153	1585	3181	1107	2662	1109	2663	
3603	5352	5354	2665	4308	2666	
2669	4149	4151	2668	3782	3780	
2670	5452	525	3318	3874	3320	2672	
1448	755	386	2674	3243	2675	
543	231	3126	1464	2677	2817	2678	
349	1159	4582	4119	4121	2681	
771	14	1527	2683	2684	
3700	1525	5415	5417	3915	2687	
2163	549	1108	1768	2689	1109	2690	
4768	1412	676	1797	4555	2693	
606	1821	1333	4899	2696	
4127	4581	4583	1159	2698	2699	
672	1264	5928	1278	5930	2702	
4449	306	5709	5172	5174	2705	
5061	5063	1420	2707	2708	
2709	2763	2	3378	3380	2710	2711	
4530	4532	1396	2823	3907	2714	
1368	57	1370	2728	600	2716	2717	
919	1	4917	5209	4919	2720	
1361	2659	5613	3862	5615	2723	
310	155	607	2725	2726	
561	1369	2406	2728	2729	
720	1767	1218	1220	2380	2731	2732	
1339	1527	1529	3145	2734	2735	
4710	4914	4916	323	2737	2738	
4884	4886	1414	2740	2741	
3493	336	4863	4865	2743	2744	
1376	3739	2542	5683	3285	3287	2747	
1368	2715	1512	1040	4546	2084	270	2749	3048	2750	
1	373	4164	4166	2752	2753	
712	5871	1291	5373	5375	2756	
7	3843	5511	5513	2759	
5490	2760	5784	5786	2762	
2763	114	3870	5503	3872	2765	
255	5742	5744	3033	
414	5442	5444	1451	2771	
1371	5670	5672	3604	2773	2774	
621	623	1348	1174	2776	1349	2777	
4849	597	2616	5538	5540	2780	
2781	2695	608	1225	3004	2782	2783	
173	4926	4928	2785	724	2786	
5121	1709	43	5123	1385	
1172	468	5616	4563	4565	2792	
84	1626	1287	4232	1889	4230	2794	2814	
1344	4227	4229	2797	1801	2798	
3843	3845	2800	5085	2988	2801	
3972	3873	3875	3318	609	2804	
4357	2233	3979	5859	5861	2807	
1079	1942	711	5427	5429	2810	
5301	1499	2946	4986	4988	742	
2794	125	925	303	3996	305	2815	2816	
2677	182	730	2818	2819	
85	1296	2682	1298	2821	2822	
1396	855	5748	5750	5229	2866	2825	
2826	832	775	3573	2828	
723	5847	75	5849	1496	2831	
31	3891	5772	5774	2833	
199	3975	843	3849	3851	2837	
705	1535	4911	4913	2840	
3724	631	4800	4954	4802	2843	
5622	3142	5624	2845	2846	
2788	171	3722	3825	3827	2849	
3465	1009	2068	3543	3545	2852	
6	3829	4341	4343	2934	2855	
4875	4877	1381	2857	5158	2858	
2859	5173	67	3324	846	3326	2861	
4090	3894	3896	1323	2863	2864	
1017	4782	4784	1331	2866	2867	
1401	5391	2574	3441	4401	3443	2870	
2871	535	4275	4277	2872	2873	
2874	334	1471	1869	2875	2876	
2625	69	4947	1791	3960	3962	2879	
720	1509	1440	2881	2882	
1569	3690	4761	4763	2884	2885	
2886	4419	648	3333	5607	3335	2888	
3421	5424	5426	1479	2891	
3429	165	4875	3801	3803	2894	
4746	2496	3	1551	3743	2897	
1476	1312	4325	5223	5225	2900	
2614	337	5679	5681	2903	
4755	4757	4756	1478	576	2906	
601	111	1623	1539	1541	2909	
5340	5342	1254	2911	2912	
1492	5842	176	4470	4472	2915	
4362	4364	654	1612	5331	2917	2918	
5299	2455	5760	5762	2921	
1475	3118	5434	4493	706	2924	
1421	2707	1402	3787	3593	2927	
4494	595	5491	4233	2929	5169	2930	
746	1470	2445	2932	2933	
4095	3651	4097	2316	2935	2936	
5080	5571	5573	4345	2938	2939	
716	2789	1385	5122	4318	3548	2942	
5557	4296	4298	539	5950	2944	2945	
4669	207	169	5940	5942	1498	
5382	5384	1434	2950	2951	
1251	5212	5213	5685	5687	5686	2953	
3058	763	730	1489	2956	2957	
4715	4860	4862	1545	2959	2960	
4072	2613	747	3768	3770	2963	
2966	820	5312	5310	3840	5467	3842	
3271	4068	4070	4069	3579	2969	
3855	5392	3857	2971	178	2972	
5809	4893	4895	1525	2974	2975	
9	751	5445	5447	2977	2978	
29	729	2683	1339	2733	2980	2981	
988	805	3114	1555	2984	
1554	1556	1555	2983	2986	2987	
3777	5085	5087	738	2989	2990	
1356	2230	529	5130	5132	2993	
4717	378	4433	2995	2996	
5841	5843	1492	2998	2913	2999	
732	23	5874	5100	5102	3002	
722	3064	4189	311	4222	2782	3005	
4249	739	5661	2571	5139	5141	
1637	5190	5192	1816	5758	3010	
358	3994	2602	1507	3013	3014	
2971	3856	343	5766	5768	3017	
3018	29	2979	357	1488	3019	3020	
704	4665	4667	3022	3023	
5493	3324	4776	4778	3026	
5931	5933	1532	1407	3029	
2523	5783	4597	2569	3031	3032	
2767	4185	4187	3034	4428	3035	
5039	736	3105	3037	3038	
4111	5187	5189	1607	3041	
4879	4479	4481	1504	3043	3044	
5665	1098	4647	760	3432	3434	3047	
2749	2082	1075	1709	3426	3428	3050	
678	3945	4049	4047	3947	3052	2485	
4488	4490	3055	1430	4078	3056	
3057	3013	1207	3447	364	2818	763	3059	
3792	1372	4661	4660	3061	
3178	4188	3622	4190	3064	3065	
328	4771	4167	4169	3708	3068	
822	1557	5418	5420	3071	
3475	3140	3139	3157	4972	
285	5235	5237	5236	4191	3077	
2661	745	1540	3079	1541	2908	3080	
3081	1601	5367	5369	3083	
368	3043	3498	3768	3500	3086	
2398	665	2115	3088	4106	4104	541	3089	
123	3090	777	1341	1590	3092	
4350	1571	4049	3841	3094	3095	
5268	5270	5233	3097	3028	3098	
2787	409	1544	788	4873	3101	
5479	2040	3360	790	3362	1553	3104	
736	5038	191	3402	3846	3404	3107	
5328	366	847	1563	4503	4505	3110	
3783	2770	5826	5828	3113	
805	1522	113	3115	3123	1523	3116	
2313	711	5433	5435	3118	3119	
4216	3108	97	4455	4457	3122	
3115	421	771	3124	2682	3125	
231	1609	402	3127	3186	3128	
3909	3911	3910	2484	3131	
5386	990	5018	1594	3133	3134	
3135	1519	5033	3136	3137	
4872	4874	788	3100	3139	
3414	5055	3416	5200	5201	3143	
784	2172	1624	1528	3145	3146	
3357	3804	3806	1524	5710	3148	
1987	46	4413	4415	3152	
1620	4362	195	4635	4637	
1548	4426	1719	809	1945	1543	
4696	34	387	1249	5406	5408	
829	5580	5582	3163	5794	3164	
1501	1503	4071	4416	4418	3167	
3367	1690	3169	3533	3257	3531	
705	1897	3883	384	3172	3173	
5466	5468	3840	1570	3252	3176	
3621	3623	3178	1511	3179	
778	405	79	966	3181	3182	
4058	4057	798	5226	5228	3185	
3127	2577	3187	404	772	3188	
1785	1787	3190	3258	3191	
3981	2413	4290	4292	4438	3194	
5022	5024	774	1575	3196	3197	
5658	3615	3617	1688	5802	3200	
4608	4681	4610	926	1666	
4599	3730	1697	3931	3262	3205	
2478	5271	5547	5273	3208	3209	
5287	5820	1583	5265	5267	338	3212	
4600	4512	4514	1798	5263	3214	
4701	1048	3682	5469	5471	3218	
1603	407	796	3220	3221	
5253	542	1926	2535	540	3223	
4946	4945	568	3226	3227	
4515	1716	3789	5007	5715	5009	
4320	5040	2550	5042	3232	3233	
3469	188	1685	3342	3344	3236	
5574	548	3238	1889	3239	
5821	3240	756	4737	4671	3242	
3847	2674	1597	3822	3824	3245	
4591	1119	3691	1560	3247	3248	
50	1602	1860	405	3250	3251	
3644	3642	3588	187	3590	
3533	4440	4442	3711	431	3256	
3190	873	1774	491	3260	
4785	4787	872	3262	3263	
1100	598	1185	5895	3265	3969	3266	
1375	2472	2529	3268	4935	3269	
1203	2967	1777	162	4738	3271	3272	
1478	2905	1476	2898	3274	3275	
2926	382	4327	1675	2581	3277	3278	
1267	2422	5770	2884	4762	3281	
898	456	2199	2201	3283	3284	
701	1387	3631	2746	3286	5815	3287	
2250	4226	4224	1183	2893	325	2368	4159	
267	3854	3852	3706	1231	3292	3293	
46	103	3753	2247	5866	3295	3540	3296	
2384	2269	682	3298	958	3299	
2526	2528	4027	1363	3301	3302	
2609	1391	2548	5971	3304	683	3305	
5	916	106	2940	4198	714	3308	
1168	5742	2023	2487	5371	3310	3311	
558	1728	2017	3313	4815	1730	3314	
2295	2296	192	1867	4567	3317	
660	1315	4467	2671	3319	3598	3320	
1791	1793	1878	866	3322	3323	
3024	2041	4522	2860	3325	3326	
3264	2457	4648	2459	3328	3329	
3330	5628	1649	782	3331	3822	3332	
1215	1323	3895	2887	3492	3334	3335	
823	1212	4285	1804	3337	3338	
2524	314	2586	4293	3340	5346	3341	
831	1660	3235	3511	3343	3344	
2621	5410	1322	5839	1933	3346	3347	
82	258	5853	738	5086	3349	3861	3350	
465	5667	264	1939	3526	3352	
3354	1393	3052	3946	3356	
3357	3149	369	1515	3129	2421	3359	
1552	1607	5188	1605	3103	3361	3362	
1437	5172	396	2441	2439	3364	3365	
2083	1689	1691	3367	3170	484	
352	2134	1015	2043	3370	3371	
1733	845	1693	424	5275	3374	
3012	4537	408	3014	3057	3376	
628	4644	2719	1209	3379	4092	3380	
1060	4368	2031	2033	4087	3382	3383	
816	2356	1762	5796	818	3385	5026	3386	
1248	4005	1250	2508	3388	3389	
137	813	4422	1725	1837	815	3391	3392	
910	1848	2124	129	3394	3395	
68	5679	393	3096	810	3397	3398	
1305	1467	3633	5781	2523	3400	3401	
1593	1598	1596	3106	3403	4141	3404	
1088	2100	5034	1041	3406	3407	
849	851	1825	3409	3609	3410	
120	4203	3561	3412	1919	3413	
1398	1516	4314	3129	3415	3416	
892	1318	3821	3820	2551	3418	3419	
127	936	3453	2889	3421	3422	
320	2161	2920	643	3424	3425	
483	786	3049	3427	3428	
2894	3802	1183	167	868	3430	3431	
1482	4470	1537	4909	3046	3433	3434	
1150	683	2476	1151	4474	3436	3437	
1906	552	4372	924	554	1765	3440	
1446	2869	3036	3786	3442	5461	3443	
30	2072	5517	2070	3445	3446	
1207	1507	3448	5959	3449	
562	1189	247	1653	3451	3452	
936	938	1616	1833	5485	3454	5763	3455	
319	5760	1327	3457	4281	3458	
33	4716	774	5023	2502	75	3460	3461	
1260	5619	1449	2119	3723	3463	3464	
2852	3544	1310	2641	3466	5298	3467	
186	1431	3234	3469	3470	
1201	1749	2557	4183	2426	3472	
1506	3138	3475	3074	1550	
502	621	2775	3406	16	3478	
3270	1422	4296	2943	3481	4335	3482	
1859	264	481	2093	2091	3485	
2207	1307	2587	3487	219	912	3488	
3489	5109	253	331	4257	3490	
2887	690	2742	4170	3493	3494	
1309	1326	2641	3496	4729	3497	
747	1564	3687	3085	1565	3499	3500	
2910	3021	702	3023	3502	5071	3503	
2566	3274	354	2337	3505	5817	3506	
2593	1363	2527	2391	3508	3509	
3510	327	1659	1661	3511	3512	
445	5499	450	64	2277	3514	4719	3515	
877	1846	4279	2038	4378	3517	3518	
3197	1577	5059	3537	916	3521	
3522	1927	5254	2647	3752	3750	3523	3524	
1651	2101	70	1858	3526	3527	
472	5448	2128	4024	235	3529	3530	
3169	2517	3451	3255	3532	4440	
642	514	2356	3535	4036	3536	
1576	3136	5032	1819	3538	4051	3539	
3295	517	556	2325	4384	3541	3542	
229	4549	1308	4867	2851	3544	3545	
1495	2941	1496	5848	3547	3548	
213	4381	2535	4263	4265	3550	3551	
2240	451	2334	555	3903	3553	3554	
1947	2496	2895	2498	5317	3557	
2299	1866	3559	3621	1054	3560	
2285	2284	112	2589	3562	3657	3563	
1682	1779	4992	842	5695	3565	3566	
1066	244	4941	2182	3568	3925	3569	
1216	1353	2122	3897	3571	3572	
5031	1519	5058	2827	2995	4432	3574	
0	3894	2862	3577	2494	3578	
4069	2968	2597	2596	3580	3581	
1130	1129	2419	290	3583	3584	
4585	3162	5401	3164	3586	3587	
1144	2150	3253	3589	3254	3590	
3591	383	2926	3276	3592	3593	
467	4477	947	946	4212	3595	4960	3596	
891	1885	1045	2672	3598	3599	
415	5778	1673	1671	2352	3601	5256	3602	
2666	709	1884	1044	3604	5671	3605	
1023	4273	1905	3607	4371	
3409	1654	3257	3256	3610	4926	3611	
961	2317	5413	1864	2001	3613	3614	
24	1686	5100	3199	3616	3617	
544	1240	2285	897	3619	3620	
3559	1868	1954	1510	4188	3623	
2328	1230	1184	3625	4158	3626	
362	5305	1034	1033	3628	3629	
574	3577	700	1416	3967	3631	3632	
1467	693	1918	2205	3634	3635	
3636	1056	1636	5124	3637	5190	3638	
3639	40	1794	2025	3640	3641	
3589	3685	2148	400	3643	
1196	2377	587	2430	3646	3647	
699	1263	4831	2530	3649	3650	
2936	960	4989	1981	670	3652	5488	3653	
1711	202	5184	2320	3655	3656	
3562	2283	5215	3916	3658	3659	
2468	1975	5596	428	1771	3661	4612	3662	
1192	3799	283	3664	3712	3665	
1992	2189	666	3667	5115	
3468	1659	147	3670	4251	3671	
215	4789	2323	4807	3673	3674	
3675	5515	1405	3201	5238	3676	3677	
828	1711	3654	1739	1737	3679	3680	
2013	5529	528	978	3682	2221	3683	
3684	915	379	5106	2148	3686	
1564	2613	2961	3688	5232	3689	
105	4352	4350	3093	3691	3692	
196	3741	1551	36	3694	5752	
613	2712	193	4330	3698	
1526	2974	3700	170	5319	3701	
2600	2599	2760	1238	3703	3704	
501	3747	3706	2329	3707	
1435	1032	2113	1034	3709	3710	
2648	3523	284	2461	3712	3713	
1638	354	2898	2900	5224	3716	
575	1063	2652	3718	5869	3719	
4902	171	1383	43	1075	3721	
2119	719	3784	2841	377	3724	3725	
826	4527	1723	1849	3727	3728	
2226	1695	3204	3730	3206	3731	
534	979	2139	2344	3733	3734	
1114	3541	217	2079	3736	3737	
372	3328	2541	2543	3739	3740	
3741	2896	1553	3361	3742	3743	
214	4518	1395	895	3745	3746	
501	3705	1650	30	3444	3748	3957	3749	
2647	861	4380	3639	3751	
103	1987	104	3837	3754	3755	
1824	2784	4325	4323	3758	
3666	297	668	1252	3760	3761	
758	3028	1582	3241	5265	3763	
1822	1282	2094	93	3766	
3498	1504	4480	2962	3769	3770	
1302	2451	4254	1304	3772	3773	
81	1803	3889	1977	3775	3776	
2990	1415	2872	4276	3778	3779	
2668	4150	495	894	2049	4329	3781	
3113	5827	718	2217	5202	3784	3785	
3036	5037	3038	792	3591	3787	3788	
1716	3228	2002	5029	3790	3791	
1962	1480	339	5181	3793	3794	
1940	3353	3352	1858	3796	5035	
3798	2522	2785	4927	3799	3800	
1813	4630	2893	3802	3803	
3147	1268	581	4333	3805	3806	
1903	5917	163	1800	3808	3809	
1738	1357	1959	3811	3879	3812	
473	5449	681	1909	3814	3815	
464	1854	852	3817	3818	
3030	3400	3032	589	5956	3820	
3331	3244	4810	1598	3823	3824	
3720	1074	2848	715	3826	3827	
2516	4089	1418	3898	3829	3830	
292	3954	945	4395	3832	3833	
47	198	1293	1845	3835	3836	
104	3152	4414	3838	1546	3839	
1587	2965	3094	4048	3842	
7	2757	618	5571	2937	3844	3845	
3402	781	4402	3243	3847	3848	
1429	4551	2836	1430	3850	5437	3851	
267	3291	324	269	3853	
2575	11	5064	3856	3857	
1668	748	5397	97	1408	3859	3860	
3349	1413	1360	5079	5613	3863	
513	1068	1146	4035	3865	3866	
288	2220	1047	2319	3868	3869	
2376	1345	4404	2764	3871	5632	3872	
27	2553	660	3874	3875	
2922	1450	879	3877	4676	4675	
3811	109	5112	973	3880	3881	
867	5154	510	2838	3883	3884	
2544	5337	2546	637	1101	480	3886	
3888	1557	35	3913	1366	3889	3890	
31	2834	18	1165	3892	3893	
0	3576	1062	690	3895	3896	
2122	691	4341	3898	692	3899	
419	1828	1978	1000	3901	3902	
555	942	4578	2271	3904	4548	3905	
1329	5647	614	2713	3907	3908	
679	5777	5775	5194	3911	
195	2918	1367	2806	3913	3914	
2686	766	4192	3916	42	3917	
2779	733	2737	3919	4495	3920	
2149	2150	2389	3922	3993	3923	
524	995	2181	2183	3925	3926	
3927	1050	1991	5551	1960	3928	3929	
3930	1662	3261	3263	3931	3932	
2262	4000	3934	1883	3935	
3016	984	375	3937	3938	
3039	811	5673	1621	3940	4207	3941	
1809	2036	2034	4524	1811	3943	3944	
89	579	1392	5769	1394	3355	3946	3947	
837	3397	1611	5718	3949	4062	3950	
132	1317	5637	3952	1958	3953	
292	3831	1294	4026	2560	3956	
3748	482	2385	2387	3958	3959	
3321	1293	2878	3961	4242	3962	
100	1983	4809	1985	5836	3964	3965	
3828	184	2746	3967	3968	
3265	1187	2617	3970	4834	3971	
2804	2803	4731	1453	4186	1454	3974	
199	2835	520	1692	3976	3977	
296	655	858	5067	3979	3980	
3194	1698	1700	3982	5220	3983	
1103	3958	2632	4282	3985	3986	
3549	2095	1152	1900	433	3988	
2009	286	1468	892	3991	3992	
3922	1206	5643	1208	3994	3995	
303	1888	3997	3203	1666	3998	
675	332	668	1164	4000	4001	
1027	2191	4596	2192	1948	4003	4004	
1248	3387	1957	4006	1958	4007	
3300	2058	2626	4009	4075	4010	
1008	2160	5541	2103	4959	4012	4013	
1096	1668	3858	5680	4015	4016	
1677	1679	4054	857	1673	4018	
2948	4986	4219	2491	4021	4022	
1013	1969	5104	475	4024	4025	
1294	684	2527	4027	4028	
751	2362	5214	4030	2363	4031	
3555	1949	4003	4033	4034	
1146	2355	2357	4036	4037	
3439	1765	2098	4173	4040	
4041	56	5899	1974	2842	4042	4043	
246	5721	1282	2649	1283	4045	
3945	2964	2966	4048	3841	
2029	227	5314	1820	4051	4052	
94	5748	4531	1678	4054	4055	
1561	4448	4447	399	3183	4057	
1113	1572	1115	4060	4061	
3949	839	2967	394	4063	4064	
5560	15	1147	4066	4067	
838	3240	300	2595	2968	4070	
367	1407	727	2961	4072	4073	
651	2625	2877	2627	4075	4076	
471	1752	4288	3054	3056	4079	
2133	441	4542	2131	4081	4082	
4317	715	355	4084	2366	4085	
1255	5394	1434	5383	2032	4087	4088	
4089	2515	700	2862	4090	4091	
3379	2799	5511	2801	4093	4094	
2854	1216	3570	76	5412	4096	4097	
2342	1358	2371	1357	4099	4100	
4101	634	1336	4102	4103	
3088	2650	4105	4265	4264	
2284	1240	4108	4109	
4110	2448	3039	3939	4111	4112	
885	1161	4443	1908	4287	4114	4115	
61	2478	3207	4794	4117	4118	
1459	2680	5422	1460	4120	4121	
373	919	2718	4123	1801	4124	
459	2697	1701	4569	4126	4581	
889	4806	1395	2281	4129	4130	
276	529	4132	4656	2231	4133	
2063	5053	1112	2176	4135	4641	4136	
1134	2415	2417	4171	4138	4139	
1674	4326	3105	3107	4141	4142	
380	2828	3575	3574	4144	4145	
4146	3388	2497	387	4147	4148	
54	5884	95	1618	4150	4151	
1180	495	1618	4153	4154	
1852	205	5784	2599	4156	1770	4157	
3625	3289	3290	3288	4159	4160	
2582	4642	2581	102	4162	4163	
4122	1800	673	4165	4354	4166	
649	2055	4458	1435	4168	4169	
2742	1062	2416	4171	4172	
1347	4689	2655	1349	4174	
1059	1518	1843	4177	4365	4178	
3660	460	1017	2865	4180	4181	
2424	3624	2328	633	4183	4184	
26	1452	5280	4186	3973	4187	
309	4566	721	4189	4190	
5236	3076	639	1036	3658	4192	4193	
265	5542	643	1138	4195	4196	
787	409	226	4198	4199	
474	708	5424	2889	4201	4202	
120	1035	899	1005	4204	4205	
3153	395	4636	1622	4207	4208	
447	2199	964	4247	4245	4211	
1830	1931	1930	4213	4214	
848	366	3120	4216	4217	
1438	1030	5755	4219	2946	4220	
4677	1617	1332	2783	4222	4223	
2250	3288	2252	1070	4225	
164	2944	538	1257	4228	4229	
1287	969	1887	4572	971	4231	5370	
174	532	1491	4392	4234	
4236	448	1221	2554	4468	4237	4238	
2565	2567	578	4240	4241	
3961	1295	3955	2560	4243	4244	
964	456	1788	4266	4246	5259	
1462	3208	5272	3006	4249	3008	4250	
3670	2346	1842	726	4252	4253	
2451	985	4299	189	5061	4255	4256	
331	166	1284	4258	4259	
4260	281	5893	2257	523	4261	4262	
4263	1926	1072	664	4106	4264	
1788	898	3282	4267	4268	
4269	2220	2222	2221	1048	4270	4271	
567	1713	997	1938	4273	4274	
1162	4587	1414	4885	4276	4277	
3011	3010	2037	2039	4279	4280	
3457	1102	5247	2386	4282	4283	
262	4147	34	3159	4285	4286	
1908	115	534	3732	4288	4289	
238	141	1616	4291	3193	4292	
2586	1378	5650	2260	4294	2036	4295	
1422	1424	537	4297	4298	
985	1302	3771	4300	5203	4301	
263	4321	558	3312	4303	4304	
3486	693	1305	4306	4307	
2665	5353	2052	2310	4429	4309	4310	
1269	5130	276	4131	2658	4313	
5622	307	3131	4315	308	4316	
4083	1384	4651	1495	4318	3546	4319	
3233	2018	1728	4321	4322	
2784	2365	2786	2521	4324	5223	
1674	4140	1676	4360	4327	4328	
2049	412	2352	3697	4330	4331	
1121	2441	2440	4333	580	4334	
3481	294	2232	2505	4336	4337	
3297	1729	500	2209	4339	4340	
691	1353	2854	3651	4342	4343	
1536	2571	2573	4345	5572	4346	
5509	1944	4348	4536	1946	
105	1266	1569	2883	579	4351	
2531	2701	1278	674	2752	4354	4355	
656	1204	2805	4357	4358	
516	2196	102	1675	4360	4361	
1620	3155	395	1365	4363	4364	
4177	1061	5845	2152	4366	4367	
1060	3381	2152	4369	4370	
3607	1025	1086	5151	4372	4373	
4374	5947	1566	2604	5964	4375	4376	
876	1930	1084	5002	878	4378	4379	
940	540	4381	282	4382	
1663	817	4497	217	4384	4385	
880	2297	2296	1179	4387	4388	
2298	2300	4390	117	4391	
1491	2619	2020	5052	687	4393	4394	
1714	4692	947	4396	4397	
526	1350	143	1741	4399	4400	
3441	2673	2675	4402	4403	
1345	1827	4774	1978	4405	4406	
2180	571	2427	2533	1126	4752	
1089	5970	2547	2413	4411	4412	
3294	1572	3151	1574	4414	4415	
1505	2962	3166	728	4417	5689	4418	
2886	159	5088	2951	4420	4421	
813	478	5440	1783	4423	4424	
4427	1550	3073	3158	4426	
3034	3973	1453	291	4429	4430	
4431	1518	1520	4144	4432	4433	
4434	823	3336	237	5532	4435	4436	
3420	1614	1698	4438	3193	4439	
3532	429	939	4441	4442	
1161	1163	4837	4444	4588	4445	
4	819	5466	3174	802	4447	
2705	2704	2859	1439	4450	4451	
1485	2757	2759	5512	4453	4454	
1579	2046	4966	3121	4456	4457	
2055	2057	5914	1067	2182	4459	4460	
1141	5436	1428	2428	4462	4463	
1920	5469	978	980	5887	4466	
1315	2553	2555	4723	4468	4469	
1482	3432	1484	2914	4471	4472	
499	5166	1149	5812	2268	4474	4475	
139	1713	1715	4396	4477	4478	
1433	2347	3166	4480	4481	
1071	1073	4483	2116	2518	4484	
1952	1950	13	4486	4487	
570	2343	5886	572	1428	4489	4490	
4491	713	1291	2923	4492	4493	
2930	1493	2913	734	4495	4496	
817	930	1642	818	4498	4499	
4500	1599	4590	3083	5368	4501	4502	
397	3109	5097	1565	4504	4505	
1371	2772	4605	1699	4508	
2790	2792	4564	973	4510	4511	
3213	1892	1891	4513	4514	
5008	1718	883	4516	4517	
214	3744	1935	2712	4519	4530	4520	
4521	2040	3102	5754	2042	4522	4523	
2034	4294	2035	5146	4525	4526	
826	3726	2074	4528	5295	4529	
4519	613	3696	4531	855	4532	
437	930	1663	4534	4383	4535	
4348	2388	44	4537	4538	
1964	1963	1229	2626	4540	5952	4541	
441	443	815	4543	4544	
1076	485	4903	2084	4547	
3904	944	2080	4549	4550	
1429	3849	1968	4969	4552	4553	
4554	166	253	1275	2692	4555	4556	
2258	4261	1726	4558	4559	
1936	3745	496	2050	4561	4562	
470	3928	2791	3880	4564	4565	
309	3622	1510	411	4567	4568	
1701	60	5805	1186	4570	4571	
4572	1855	970	2308	4573	4574	
3015	178	3017	5767	4576	5872	4577	
942	2334	2336	4060	4579	4580	
4126	243	2331	5896	4582	4583	
1712	3679	830	4585	392	4586	
1162	4275	2137	5344	2140	4588	4589	
1599	3246	168	4591	4592	
2507	5083	1346	2764	4594	4595	
2191	590	5638	4597	5782	4598	
3205	872	4786	1890	4600	3215	4601	
4602	429	3255	1653	4603	4604	
2772	2774	341	5377	4606	5788	4607	
1764	1766	3202	4609	4610	
1236	427	901	4612	4613	
1197	5322	249	2010	4615	4616	
4080	135	1836	4618	4619	
2970	1447	2972	3015	4621	
1016	5701	352	3369	4624	4625	
998	569	3226	4627	4628	
1200	326	2856	325	4630	4631	
3876	2924	2394	3937	4633	4634	
3912	2916	3154	4636	3155	4637	
645	1356	2991	4779	4639	4640	
4135	1111	3277	4642	4643	
628	3378	1258	4645	4646	
1098	3045	1972	4830	4648	4649	
2904	4813	2831	2941	4651	4652	
144	5001	2559	4693	4654	4655	
4132	2230	645	4638	4657	4658	
4659	474	4200	2106	45	4661	
1503	757	5070	4663	5566	4664	
1500	2743	4864	1502	4666	4667	
285	3075	370	2947	4669	4670	
148	1776	3096	4672	5268	4673	
10	5427	2313	3117	3878	4675	
4677	4221	1955	922	4791	4679	
2645	4858	145	1764	4681	4682	
4683	3035	611	2059	4684	5206	4685	
257	5239	1888	925	4687	
1347	4175	4039	2098	554	4690	4691	
1714	2184	945	71	4693	4694	
824	1804	3159	4696	3161	4697	
2465	577	2031	658	4699	4700	
3218	5470	2286	5583	1922	4702	4703	
1131	928	687	1998	4705	4706	
2130	5019	1794	1796	4708	4709	
2738	733	1483	5538	4711	4712	
228	2958	1057	4720	4714	4860	
33	3459	2994	5844	4717	4718	
3514	1995	519	2532	1057	4721	
2307	1377	4237	4723	4724	
1245	909	22	5296	1236	4726	4727	
943	12	5797	2642	4729	4730	
2803	609	525	2053	4732	4733	
2007	1740	5787	142	4735	5649	4736	
756	838	4068	4738	4739	
2495	2494	574	4741	4742	
3408	1074	2253	4744	2255	4745	
2897	3742	3103	4747	4748	
2500	5365	2754	2756	5374	4750	
1126	5133	1129	4753	5143	4754	
2829	725	2366	1313	1477	4757	
1078	5433	1942	4759	5737	4760	
2085	580	581	3280	4762	4763	
1683	5136	3174	3176	4765	
667	1410	2892	4768	4769	
4698	2463	2338	1065	4771	4772	
585	859	5791	1000	4774	1829	4775	
1578	1839	5457	3025	4777	4778	
2991	2993	5131	2992	4780	4781	
1722	351	4977	353	4783	4784	
870	1696	1896	5076	4786	4787	
1299	93	2322	2324	4789	4790	
922	3316	192	2297	4792	4793	
3207	3209	1462	4248	4795	4796	
3495	138	1147	2454	4798	4799	
2452	1261	5595	2842	4801	4802	
1815	318	2272	2068	4804	4805	
889	4128	2077	4807	2078	4808	
1983	385	5385	1596	4810	4811	
3273	1272	4869	723	4813	4814	
3313	498	4855	592	4816	4817	
55	900	1852	4155	4819	4820	
2769	416	2211	856	4822	4823	
1863	1865	4942	1864	477	4826	
1018	376	4953	1851	4828	4829	
1972	183	348	4995	4831	4832	
1246	4711	2616	2618	4834	4835	
259	1198	5703	2136	2138	4837	4838	
933	827	4978	1849	4840	4841	
993	1191	4851	1639	4843	4844	
646	1270	2479	5290	4846	4847	
322	1971	2778	4849	4850	
1191	2302	5562	3798	4852	4853	
1157	1957	593	4855	4856	
2392	4627	568	2644	4858	4859	
4714	390	5142	1128	4861	4862	
703	338	5266	5565	4864	4865	
436	1641	943	4728	4867	4868	
1272	2503	2565	4870	4871	
762	3049	1549	4873	4874	
165	2691	1410	330	4876	5050	4877	
1656	5163	1431	3042	4879	4880	
2187	564	582	2298	4882	4883	
116	620	619	3778	4885	4886	
4881	1994	666	1166	3892	4888	4889	
1911	2169	1913	5431	4891	4892	
2813	767	1567	4894	5415	4895	
1901	3989	3988	862	4897	4898	
2289	2695	1334	5472	4900	
3721	2082	270	4903	4904	
2925	4956	688	4906	4907	
1463	4795	761	4909	4910	
1534	1285	2839	5364	1286	4912	4913	
596	3703	1237	4915	4916	
2751	1279	2719	4918	4919	
1002	2026	5043	1243	4921	4922	
3699	3149	3148	1120	4924	4925	
3610	431	430	283	4927	4928	
401	1588	3644	3254	3643	4930	4931	
37	5277	2106	2108	5359	4934	
3268	374	673	163	4936	4937	
275	1132	4161	4939	4940	
244	361	5028	2001	4942	4943	
4944	1907	1906	3438	4946	
69	651	4074	1227	4948	4949	
4950	870	4785	3261	190	4951	4952	
376	426	2452	4954	4955	
2925	4905	2927	3592	4957	4958	
2103	492	1831	4960	4961	
3816	963	2358	242	4236	4963	
2449	1095	209	5494	4966	4967	
3372	25	234	5103	4969	4970	
4973	4197	3156	5313	3073	3074	4972	
1053	1077	5553	2299	4975	
351	1724	3727	4978	4979	
3150	3927	1989	5014	4981	4982	
90	840	1125	5073	4984	4985	
2948	4020	370	4987	4988	
960	2935	1875	5379	4990	5046	4991	
1779	1681	90	4993	4994	
348	175	2700	5139	1536	4996	4997	
342	1290	1276	4999	5000	
144	4653	47	3834	5002	5003	
5016	990	3132	2088	2090	5006	
280	1725	3229	5008	3230	5009	
3552	1996	228	4715	5011	5012	
793	1051	2197	4981	1052	5015	
5016	5004	793	5013	5017	5018	
2130	4707	2132	2131	5020	5021	
3306	3195	1494	5023	5024	
5025	19	1763	5026	5027	
361	1066	3567	5029	5030	
5031	3575	3573	107	5032	5033	
2100	2097	1024	3797	5035	5036	
5037	2869	381	5038	5039	
1155	5292	2016	5041	5042	
2026	2301	4260	172	5044	5045	
4990	962	479	883	5047	5048	
2954	2952	1381	5050	5051	
2020	1110	2062	5244	5053	5054	
3414	3141	4029	180	2235	5056	5057	
3137	1576	3520	5059	5060	
189	735	630	737	5062	5063	
11	753	2154	5460	630	5065	5066	
858	860	4405	1828	5068	5069	
757	1501	3165	2194	5071	5072	
1125	844	5161	1693	5074	5075	
1896	1898	5629	510	871	5078	
1360	63	2937	5080	5081	
627	1344	2796	5535	2506	5083	5084	
2800	3844	63	1413	5086	5087	
159	2888	3334	5089	5090	
4773	587	2432	5704	5092	5093	
2471	565	1336	954	1883	566	5096	
3109	1600	5226	208	5823	5098	5099	
1686	1461	5289	3001	5101	5102	
234	236	5482	1012	5764	5104	5105	
379	1756	1893	5107	5691	5108	
3489	3491	2434	5110	5111	
109	1959	2371	5113	5114	
3667	1994	1993	5116	5724	5117	
1664	4383	932	2326	5974	5119	5120	
1383	2788	2847	3546	5122	5123	
1636	452	3553	5125	5126	
5127	2741	586	2136	5128	5129	
1269	4311	1359	5548	5131	5132	
2427	2429	4462	5134	5530	5135	
1683	4766	4764	5137	5164	5138	
2700	3007	5664	5140	3008	5141	
390	4720	2532	2534	5143	5144	
1316	2671	662	5146	5147	
1456	1281	2649	1822	3767	5149	
1086	316	2097	1088	553	5152	5153	
867	3882	1284	4554	5155	5156	
2425	1380	1382	5158	5159	
3564	865	3373	424	5161	5162	
1656	4878	1658	800	5164	5165	
499	4473	1213	4339	5167	5168	
2929	4235	4234	273	5170	5875	5171	
1437	3363	5173	2704	5174	
2279	1127	4409	5176	5177	
48	912	1967	4267	5179	5180	
339	1094	2311	2059	5182	5183	
202	828	3678	5185	5186	
388	1606	389	3040	5188	5189	
3637	908	1817	5191	5192	
88	1267	3279	3910	5194	3130	5195	
2594	5251	996	686	5198	
752	5320	1426	3141	3143	
2217	2219	986	2155	5203	5204	
610	1362	2592	1093	5206	5207	
1280	4453	2758	2751	5209	5210	
4767	2433	2145	2147	2146	5685	
2362	9	2976	42	5215	5216	
1999	1744	53	2370	5935	5218	5219	
3982	4507	1699	2482	5221	5222	
4324	616	5563	3715	5224	5225	
1600	397	4503	3184	5367	5227	5228	
2824	1330	130	4041	5230	5231	
3688	727	1532	5932	5233	5269	5234	
4668	2214	1566	1233	3076	5237	
3201	2488	3997	5239	5240	
612	604	5656	2280	5242	5243	
2062	689	3346	1321	5599	5245	5246	
1102	1327	2455	2919	5248	5249	
1364	3301	2593	3507	5251	5252	
3223	940	1242	861	5254	5255	
3601	412	894	1180	5257	5258	
4246	1965	3487	5260	1306	5261	
1411	3430	1069	5263	5264	
3241	1531	3211	1324	5266	5267	
4672	393	337	1530	5269	5270	
347	2722	759	5272	5273	
1880	5851	425	5275	3373	5276	
37	4932	1227	5278	1963	5279	
1452	463	2308	5281	5282	
881	2212	4387	2314	5284	5285	
66	2415	1581	5505	3210	5287	5288	
1461	24	3615	1743	5290	5291	
1155	2550	2552	3418	5293	5294	
4528	206	427	5296	5297	
3466	1326	1328	2919	5299	5300	
742	4987	3075	3077	5302	5303	
2112	2114	3709	5305	5306	
825	129	72	5904	5308	5309	
820	2964	678	3053	5958	5311	
3156	1721	1818	5314	5315	
1249	2497	2508	3556	5317	5318	
170	2687	1427	2977	5446	5320	5321	
1197	4614	2639	2637	5910	5323	5324	
1303	1851	2158	1304	5326	5327	
3110	4504	3085	5329	5330	
1612	2349	4063	5332	5333	
438	3360	4521	440	5336	
2544	3887	638	3885	5338	5339	
39	657	726	5341	5342	
2287	2139	2141	5344	5345	
3340	661	241	5347	1306	5348	
584	583	5428	2809	5350	5351	
1481	3793	1092	5353	5354	
1982	1981	508	5356	5520	5357	
1731	1020	1022	5359	4933	5360	
1458	2611	5487	1460	5362	5363	
2839	707	1444	5365	5366	
3184	1563	3082	5458	5368	5369	
4231	1167	5371	1169	5372	
2755	2834	2833	5773	5374	5375	
1886	1885	527	5377	5378	
1875	2316	4096	5380	5381	
2949	3021	161	5728	5383	5384	
385	100	3963	3132	5386	5387	
5049	2953	80	5389	5390	
1401	2868	753	2575	5392	5393	
1255	4086	3066	3068	5395	5396	
748	1096	4014	2047	5398	5399	
391	972	769	829	5401	5402	
121	852	1856	5602	5405	
5316	1558	3160	5407	3161	5408	
1320	2761	2620	5410	5411	
76	136	4825	477	5413	5414	
4894	1425	2686	5416	5417	
1559	3160	3070	5419	5420	
1099	2610	2612	5362	5422	5423	
708	4659	1372	3060	5425	5426	
10	4676	4674	2809	5554	5429	
913	3943	1912	5431	5432	
1078	4758	1474	4491	5434	5435	
1141	4461	2835	2837	5437	5438	
3390	1782	1784	5521	5440	5441	
73	1450	1473	2770	5443	5444	
28	4029	1426	5446	5447	
472	3528	2607	5449	5450	
5376	1884	1046	2053	5452	5453	
934	1014	2293	5455	5456	
1839	1841	398	4501	5458	5459	
2154	2868	2870	5461	5462	
1083	1085	4213	876	5464	5465	
819	821	1587	5467	5468	
1920	4464	3217	5470	5471	
1334	2781	1332	1953	1619	5474	
3307	714	226	2787	1542	5477	
3693	1029	3102	5479	5480	
2306	476	1834	5482	5483	
1389	3529	1615	5485	5486	
2611	671	5881	1354	5488	5489	
2762	5785	1320	5409	5491	5492	
3026	4777	1580	3121	5494	5495	
4788	1152	1154	248	5497	5498	
445	3513	3009	5500	5501	
418	1829	1827	2376	5503	5504	
1581	1134	4137	5506	5507	
1143	5731	2028	5509	4349	5510	
2799	1209	1279	2758	5512	5513	
1404	2643	2766	5515	5516	
2072	1650	2071	5518	5519	
5356	245	1717	1783	5521	5522	
2404	5937	2483	5221	5524	143	5525	
4722	133	2309	5527	1222	5528	
2013	3681	2015	1142	5530	5531	
237	417	2111	5533	5534	
2796	2798	4123	5536	5537	
1483	2779	3918	2914	5539	5540	
2160	2162	3424	5542	5543	
2102	2101	948	13	5545	5546	
5271	61	4116	2992	5548	5549	
972	974	1990	5551	5552	
1077	2808	2810	5554	5428	5555	
5082	294	2943	5557	5558	
3887	3886	2631	5560	2367	5561	
2302	993	41	2899	5563	5564	
3211	2193	5931	3027	5566	5567	
1153	2650	2115	5569	5570	
618	1485	4452	1487	5572	5573	
5574	3237	1169	2487	5575	5576	
2069	4804	1009	5578	5579	
5550	3838	1574	5581	5582	
2286	3217	2288	536	5584	5585	
957	4816	2373	5587	5588	
5589	4486	948	1651	5590	5591	
1245	4725	3702	5593	5594	
1261	426	1018	4827	5596	5597	
99	2157	688	1419	5599	5600	
2022	5281	970	5404	5602	5603	
904	1158	2125	5605	5905	5606	
3333	360	1217	5608	5609	
313	448	242	5611	5612	
740	1486	2722	5614	5615	
468	1171	4162	2196	5617	5618	
1260	3462	177	2769	5620	5621	
1517	1516	1400	5623	5624	
2576	2970	4622	4620	5626	5627	
3330	1647	384	2838	5629	5630	
629	1258	2	2765	5632	5633	
160	2337	1638	5635	5636	
1317	2568	2570	2569	5638	5639	
2008	694	2524	5641	5642	
1206	2389	1144	187	5644	5645	
1629	605	612	5241	5647	5648	
4735	2259	2261	5650	5651	
2739	1194	2711	5653	5654	
1630	5968	1014	1923	1925	5656	5657	
3200	929	1131	4704	5659	5660	
739	3006	759	1486	5662	5663	
3007	175	183	3045	5665	5666	
465	3353	3351	1137	5668	5669	
4506	1373	710	5671	5672	
811	2448	2450	5674	5675	
507	910	3393	1702	5677	5678	
68	3396	5680	2902	5681	
3648	1375	3267	5683	5684	
2146	2264	2263	4101	1881	5687	
149	3165	3167	5689	5690	
5107	453	5862	832	5692	5693	
841	877	3516	5695	5696	
5355	1160	2698	349	5698	5699	
5454	135	2135	2134	5701	5702	
1198	2431	2639	2638	5704	5705	
1301	5722	497	2050	5707	5708	
306	2703	1120	5710	5711	
4332	2086	3246	4500	5713	5714	
5007	1727	2257	2143	5716	5717	
1611	810	1776	5719	5720	
246	4046	1300	5722	5723	
5116	2436	299	1335	5725	5726	
1256	3382	2032	5728	5729	
5730	1756	915	1145	5731	5732	
301	1135	5949	1902	5734	5735	
4974	564	1941	1943	5737	5738	
2540	5593	2539	1247	5740	5741	
1168	3309	2767	4683	5743	5744	
3069	3071	5419	5746	5856	389	5747	
94	4053	2824	5749	5750	
169	1026	2490	3695	5752	5753	
5754	1029	1031	2491	5755	5756	
493	2104	907	2037	5758	5759	
319	1915	1138	2920	5761	5762	
3454	1615	235	475	5764	5765	
1443	3016	3936	1445	5767	5768	
1392	2883	2885	5770	5771	
2584	1290	1292	4751	4750	5773	5774	
679	3909	307	2846	2236	5776	
415	3600	2211	5779	5780	
5781	640	1234	312	5782	5783	
205	900	321	2761	5785	5786	
1740	1742	4399	340	5788	5789	
1001	5533	2110	3901	5791	5792	
4059	770	1573	3586	5794	5795	
1762	514	2640	5797	5798	
530	278	2320	5800	5801	
1688	3616	1687	5803	5804	
60	2697	1703	5677	5806	5807	
1497	4218	5809	2973	5810	
5811	249	126	5812	5813	
1374	2745	2747	5815	5816	
3505	160	5634	522	5818	5819	
5820	3210	573	300	5821	5822	
208	798	3183	5824	5825	
179	4633	375	3112	5922	5827	5828	
21	432	5943	2043	5830	5831	
4407	289	1692	5833	5834	
218	5119	1984	5836	5837	
4818	1932	1934	5839	5840	
927	732	3000	5842	5843	
2994	329	2153	4369	5845	5846	
2502	1494	2830	5848	5849	
423	1020	1879	5851	5852	
258	260	5584	5854	2871	5855	
5746	3070	1558	789	5857	5858	
250	1977	1366	2806	5860	5861	
453	1893	5730	1895	5863	5864	
992	931	517	5866	5867	
918	5916	301	5733	2442	5869	5870	
712	2754	1444	2395	5872	5873	
23	927	5841	2997	5875	5876	
741	1438	2811	1497	5878	5879	
185	2853	2855	1355	5881	5882	
4901	4900	921	5884	5885	
2343	2345	3733	4465	5887	5888	
38	261	3231	5890	5891	
2142	2144	2143	5893	5894	
1185	350	1459	4119	5896	5897	
2120	3463	1262	5899	5900	
636	1200	4629	1380	5902	5903	
72	2124	2126	5905	5906	
1390	2269	2383	5908	5909	
2637	2431	259	5911	5912	
1116	5818	2056	5914	5915	
918	5868	1386	4936	5917	5918	
2633	3985	2386	5920	5921	
3112	984	1443	5766	5923	5924	
937	238	4290	2547	5926	5927	
2701	1265	3649	5929	5930	
2193	1531	1582	3097	5932	5933	
2341	4639	647	531	5935	5936	
2404	5523	1351	4303	5938	5939	
5751	2192	2190	5941	5942	
432	434	888	4897	5944	5945	
1037	2590	639	1233	5947	5948	
5949	1904	920	538	5950	5951	
4540	2058	1228	5953	5954	
1319	5293	2551	5956	5957	
3053	2485	1393	2603	5959	5960	
1011	2127	1753	5962	5963	
2604	2214	2216	5965	5966	
4839	935	2293	5968	5969	
1089	4410	682	1390	5907	5971	5972	
991	3964	1984	5974	5975	
