152.528
225.203
70.7567
134.117
167.397
290.634
189.281
89.703
213.484
167.453
197.279
192.379
120.18
172.067
148.474
116.08
159.318
174.231
4784.4
149.639
178.604
4473.94
149.238
171.334
171.69
123.032
271.937
178.706
99.9132
135.8
4150.37
132.532
118.975
181.46
137.418
134.751
144.026
118.964
143.781
4057.8
178.244
2682.1
2787.66
172.398
204.98
155.306
256.943
141.352
129.186
224.89
120.784
278.51
180.326
4353.57
4150.65
135.718
145.065
106.327
149.345
249.959
160.985
145.967
4230.36
205.938
101.457
97.3508
125.805
113.286
280.006
123.406
332.095
124.726
4381.75
173.813
148.693
4799.99
4471.63
92.5323
153.614
4346.89
177.336
180.988
162.1
173.395
143.367
153.137
84.6658
86.1436
162.64
104.164
208.947
2940.92
2224.85
197.88
189.895
183.515
105.327
206.08
188.923
163.583
162.575
90.4518
192.866
170.669
110.777
143.277
168.882
264.803
247.721
151.057
299.789
230.718
152.416
4359.49
150.994
168.094
136.374
162.526
210.416
183.29
125.006
4312.51
135.437
157.856
163.004
129.431
204.378
186.168
201.803
175.302
180.887
183.17
134.958
148.233
107.794
98.8262
4626.66
4250.8
50.44
193.877
150.526
162.049
4395.96
339.384
184.187
125.397
189.21
131.571
169.368
214.814
251.556
162.65
335.902
100.046
259.632
307.504
160.078
120.273
134.264
189.261
355.741
158.709
226.374
75.254
4301.02
4441.75
139.545
227.544
175.509
192.515
4566.27
153.875
96.8893
108.33
135.722
129.356
143.502
214.36
156.188
120.446
207.842
151.107
102.19
2906.74
169.612
4295.18
158.43
155.012
159.06
4066.38
120.118
86.0304
179.5
124.55
270.717
119.889
132.389
146.078
190.107
265.846
144.836
241.287
4569.32
199.232
2793.91
189.407
186.36
115.417
180.75
2779.25
4476.35
162.695
154.885
139.219
252.144
133.005
161.934
162.69
142.687
208.223
139.429
172.459
186.642
125.541
91.9618
166.552
191.034
120.096
178.889
275.352
142.353
261.249
133.563
288.327
2907.46
311.421
176.512
159.821
344.364
177.231
120.764
355.597
2439.63
106.391
145.946
4346.31
171.418
114.063
175.759
131.311
4425.47
291.757
152.274
141.007
159.074
241.198
2534.83
162.444
107.66
4049.55
93.8283
4022.08
123.625
4048.36
111.373
127.587
119.851
4260.29
134.724
93.7872
4016.29
78.2049
119.782
197.818
141.31
165.974
184.206
213.302
138.333
132.7
4210.26
138.409
130.065
175.306
154.908
142.972
2657.72
143.133
175.594
170.706
176.755
115.555
107.097
4269.24
154.887
144.738
104.469
197.322
299.743
196.287
168.64
187.242
143.083
152.884
164.708
243.495
217.782
121.355
145.335
147.49
149.037
148.583
139.365
197.576
172.71
138.763
185.771
136.451
227.274
2715.71
101.49
230.222
143.628
155.039
4702.94
182.331
158.29
4479.75
155.515
2824.44
205.191
4177.18
155.502
140.978
279.983
137.23
186.436
314.996
127.339
202.299
180.853
221.62
170.085
152.815
165.145
140.549
113.417
226.575
163.657
113.893
162.654
149.18
130.7
106.493
306.787
156.695
129.75
133.605
166.937
124.52
92.2722
145.729
4497.53
93.6312
199.869
100.488
183.208
150.471
249.866
149.82
130.165
4540.37
164.617
258.083
153.295
117.895
2489.83
139.622
123.775
149.84
144.848
212.892
214.377
93.7323
101.921
189.728
184.68
157.573
160.534
206.886
115.145
123.249
174.371
4531.63
4476.46
394.128
188.363
148.825
2464.84
134.117
135.703
132.499
185.333
153.26
149.046
186.462
164.585
134.544
4110.27
152.201
4293.4
168.212
198.171
150.604
152.382
157.728
122.79
162.518
262.907
107.569
243.668
143.555
313.768
202.54
207.72
161.796
157.967
112.071
186.83
186.723
176.359
4587
115.92
161.229
4280.59
198.93
174.219
290.104
132.643
133.971
273.761
160.983
178.008
314.155
145.52
163.412
157.664
111.334
4322.05
4805.98
158.865
217.183
131.25
342.124
183.427
176.498
240.787
173.457
4043.54
321.316
391.236
160.479
151.019
127.207
222.683
146.486
143.26
188.158
137.452
120.721
128.462
173.706
182.438
163.802
154.431
135.679
218.26
140.428
168.647
170.516
150.993
151.359
4247.83
141.832
107.284
174.005
144.655
4130.91
222.439
161.262
2651.85
161.213
4381.38
121.902
106.107
228.469
151.788
171.228
4180.76
158.218
220.632
141.909
198.121
146.395
229.755
181.388
2561.48
114.485
95.9418
4109.85
137.572
4043.84
157.479
88.7998
200.04
4466.18
68.4137
111.291
65.9244
108.992
4082.64
114.87
131.012
163.481
393.038
77.3871
157.773
78.0598
114.879
148.853
3947
94.7506
4048.66
125.224
80.471
93.3661
4399.88
122.689
4157.13
161.664
154.384
188.112
189.444
4218.41
4477.88
191.229
4484.06
191.481
149.749
137.625
4342.2
126.878
127.131
87.4962
114.555
118.518
142.707
168.758
273.985
129.585
191.999
145.993
177.124
128.101
155.551
135.54
173.149
85.5318
153.502
197.724
4296.12
165.285
143.625
124.026
152.983
100.368
356.599
161.519
160.765
184.948
139.611
158.19
189.087
169.999
124.841
2859.92
192.256
115.051
227.889
209.506
238.622
4407.15
143.426
4259.48
153.012
140.649
145.825
4884.03
159.271
166.524
174.505
116.339
160.63
320.889
4404.32
198.86
181.147
178.73
229.569
121.739
208.65
156.274
138.889
190.192
433.711
249.142
155.598
242.176
200.567
178.134
170.957
183.033
4737.58
116.347
142.99
4524.86
2505.79
167.606
155.409
147.809
177.961
109.874
127.72
110.579
130.081
155.573
158.341
144.174
202.177
140.004
142.245
159.643
286.737
204.208
115.513
103.611
197.071
137.934
269.8
142.156
79.454
186.573
120.025
161.68
153.982
151.737
165.008
151.397
173.749
155.638
222.472
159.538
177.071
142.712
115.519
143.087
111.161
196.701
147.735
147.981
3182.56
212.012
150.583
182.616
175.214
154.122
251.411
94.6748
183.089
143.597
179.147
175.626
160.196
154.742
142.653
179.238
150.353
154.948
192.512
160.184
4387.28
127.229
116.197
218.616
173.327
166.653
157.47
130.296
149.056
118.081
132.938
178.017
180.136
149.354
149.656
133.432
133.469
182.965
342.517
229.063
182.275
172.368
156.561
175.266
198.144
205.589
200.258
107.621
112.4
182.266
206.548
173.422
196.834
4232.86
2402.14
3118.73
4262.6
278.18
124.857
247.448
185.22
119.873
190.614
193.961
132.185
3125.3
4488.73
147.139
159.489
112.554
166.272
168.78
158.383
139.743
160.036
162.181
148.302
2790.49
185.566
4622.35
4598.63
269.663
105.592
90.3509
154.347
139.645
69.8788
4496.25
182.654
157.498
4361.19
149.025
198.284
177.75
180.277
2819.91
186.174
194.182
91.3251
132.065
183.421
182.211
164.583
127.012
154.91
151.122
171.908
148.34
400.004
151.44
175.029
144.647
168.742
192.327
151.395
234.733
190.679
170.033
164.446
122.501
122.131
308.043
198.12
148.554
135.845
4111.87
159.395
146.01
172.79
150.945
161.161
2443
4594.98
139.574
4498.26
151.968
155.563
136.443
119.919
208.905
217.97
184.195
155.929
91.0223
125.696
124.96
131.914
4295.38
133.693
165.073
130.971
184.716
100.766
171.702
202.544
2569.16
216.931
279.45
145.459
136.328
237.944
267.207
120.847
133.572
166.572
139.032
123.116
166.33
150.814
4579.75
124.197
104.471
147.792
140.086
151.271
336.07
147.334
127.15
148.348
191.156
257.031
147.514
297.422
182.427
306.442
191.829
4034.54
233.557
199.977
175.801
99.365
4337.62
176.513
206.244
141.896
220.507
117.403
158.186
146.075
221.55
187.632
276.62
192.422
190.292
165.969
159.706
2908.74
184.434
4766.73
110.347
88.6321
142.528
221.052
142.669
217.086
129.306
405.804
3027.95
173.601
4370.15
196.381
160.163
257.36
137.465
4590.26
202.454
4192.26
140.716
4375.57
167.16
140.461
159.202
194.477
112.199
124.953
241.113
221.89
3992.62
137.857
155.348
4419.51
3980.74
4393.85
4042.86
152.458
122.424
182.955
306.095
2584.34
186.885
121.083
171.526
136.882
168.793
114.673
170.156
224.078
2761.87
165.504
2768.92
143.922
113.014
159.202
2922.21
152.942
172.355
176.077
167.889
140.821
121.335
2958.94
4312.72
4201.78
191.072
91.7024
122.172
120.459
162.678
152.555
207.254
147.337
118.247
209.134
173.172
159.544
250.442
154.593
170.812
179.199
161.72
4389.43
263.568
4325.69
146.027
273.441
197.728
103.235
111.976
105.488
173.63
119.122
4445.11
127.382
173.679
165.685
150.374
132.346
124.293
172.652
4353.49
214.306
171.708
230.899
159.887
145.827
138.316
150.392
4219.7
107.294
156.995
88.5369
135.841
100.323
130.948
135.789
4540
4062.21
4008.26
188.054
170.701
90.065
169.9
177.013
2411.79
196.94
111.822
207.519
161.002
4394.52
204.281
114.668
182.813
199.906
204.508
108.555
111.241
167.483
325.098
179.26
228.808
178.409
2698.03
157.689
121.09
147.537
106.234
105.79
146.351
4403.87
96.5979
258.569
2389.29
4141.13
97.4486
176.48
102.814
181.049
191.315
164.275
189.733
4090.98
123.212
120.579
4059.38
4154.65
130.481
129.805
73.7094
71.4422
179.28
4086.03
128.689
109.712
110.702
119.191
113.02
109.853
140.939
154.647
145.238
94.528
138.855
3968
98.9227
4047.22
4189.48
113.756
78.4319
107.145
82.5904
127.85
173.651
164.203
102.177
137.276
3995.27
132.887
75.5139
102.415
92.4655
128.458
103.351
150.416
88.5649
128.204
4049.35
86.8955
97.7833
4248.89
84.742
242.183
309.33
219.589
225.751
278.152
203.987
306.412
305.881
309.48
397.427
262.72
228.984
233.453
274.252
215.374
248.749
290.031
144.322
256.25
278.129
250.111
247.291
185.312
277.548
317.565
285.635
129.799
261.292
289.058
263.914
234.172
209.356
182.599
244.645
165.002
267.39
334.725
222.421
243.071
244.385
218.978
263.198
429.097
305.806
273.796
288.24
192.339
215.948
205.126
223.985
180.251
295.607
320.06
195.189
165.604
183.722
323.832
278.383
238.783
182.012
221.861
216.308
142.726
361.362
203.518
232.107
344.186
249.324
113.43
304.883
76.2908
225.692
234.735
228.195
256.718
111.821
312.212
218.81
264.003
283.262
271.962
264.919
202.088
312.756
240.441
74.9736
222.608
177.224
277.417
89.1205
169.371
230.775
271.241
212.463
230.928
186.135
335.8
261.432
108.774
225.041
250.078
249.678
231.716
99.7728
132.047
189.117
121.254
111.116
86.6953
128.726
217.593
270.697
396.886
341.916
81.2104
248.682
164.081
107.606
257.106
146.552
297.769
132.752
400.342
186.81
195.831
125.357
80.7983
134.296
334.185
347.327
156.68
223.26
336.24
105.232
98.2243
167.145
297.639
261.172
148.948
166.58
100.727
289.643
125.773
144.961
136.68
149.502
140.171
119.596
127.738
126.076
116.35
141.957
92.8594
317.945
354.382
87.7854
193.509
186.929
393.655
112.514
143.671
261.255
101.358
120.213
118.39
122.299
148.758
145.53
154.281
158.187
162.869
178.923
229.369
356.841
127.689
163.135
221.349
152.923
134.917
99.0563
129.773
149.984
155.183
201.808
129.824
166.288
91.3405
121.772
132.858
276.525
158.696
120.247
80.1575
176.216
82.4094
167.34
124.515
98.3789
176.333
177.291
111.769
183.853
173.532
171.208
128.405
152.144
173.819
251.937
187.212
119.586
154.411
135.432
140.914
158.545
160.557
129.498
172.028
143.889
169.856
166.442
133.427
143.774
87.0837
70.933
139.97
188.383
220.723
231.906
154.593
157.906
191.527
151.119
259.466
153.68
127.338
164.48
155.311
176.839
149.619
100.106
116.218
157.853
195.26
161.507
172.565
109.351
193.879
155.175
183.705
141.204
171.641
159.627
120.142
171.756
144.584
132.283
158.924
99.8339
153.292
224.652
129.397
73.981
120.827
145.603
96.9559
165.761
162.856
102.683
133.7
147.135
173.194
177.086
171.075
110.941
153.73
156.165
182.971
214.831
185.347
91.8075
126.505
143.403
123.709
212.177
161.439
204.103
156.932
162.574
193.267
161.706
198.114
122.626
119.635
91.5832
150.041
158.607
180.273
151.045
184.797
169.991
185.476
147.88
132.874
168.252
154.963
205.752
185.968
203.133
112.135
394.539
143.298
94.4923
148.606
182.583
124.945
159.894
93.2982
111.518
141.863
152.458
105.636
151.752
181.748
165.447
168.76
148.749
206.111
167.587
244.366
150.323
171.963
129.134
160.457
138.311
150.722
151.84
181.033
160.863
171.415
144.349
146.052
199.907
115.55
187.384
150.591
207.476
145.31
147.069
163.468
176.739
112.159
136.008
103.35
134.581
176.118
170.069
121.023
153.999
160.362
172.422
170.229
74.1723
98.4222
213.547
169.47
195.254
160.088
167.935
178.526
143.533
137.355
176.101
164.873
144.016
115.527
92.5868
159.195
120.585
188.757
90.07
175.337
147.255
153.559
113.03
142.244
143.836
153.419
65.0104
189.974
96.2451
170.892
175.273
91.4264
206.326
128.991
133.012
185.852
119.925
179.978
182.362
175.343
185.692
176.197
186.206
123.789
164.215
115.115
110.927
184.76
132.95
152.365
135.935
110.344
162.1
141.76
149.791
97.3572
101.322
190.141
171.705
160.451
212.114
220.56
138.688
76.6826
167.834
195.384
84.5686
153.044
199.058
119.892
137.141
179.52
158.973
162.187
150.142
127.018
162.241
160.593
159.806
135.531
203.4
89.9007
163.334
203.815
102.268
106.645
226.168
81.2603
137.84
145.623
210.032
90.4022
207.813
144.203
154.202
140.062
112.99
169.477
171.997
135.347
158.434
126.842
157.56
158.107
164.494
158.867
208.428
160.982
159.272
124.945
150.325
123.049
204.833
98.2676
191.507
134.105
115.92
155.138
139.107
153.147
189.719
163.975
108.864
97.9927
196.442
173.3
147.776
135.376
154.215
213.331
146.697
129.894
92.8063
123.051
123.962
145.193
114.884
139.199
147.06
91.8174
110.116
171.042
161.435
119.397
163.876
168.898
88.8579
171.987
193.508
162.382
143.219
207.559
130.145
176.686
125.917
110.921
158.137
174.729
140.586
111.873
182.814
186.147
165.96
211.252
196.941
148.07
167.543
145.788
131.662
168.236
140.795
107.588
182.132
164.237
118.196
74.4652
164.125
157.745
111.132
128.925
126.724
157.088
130.324
170.428
140.009
78.565
133.331
154.651
158.33
146.064
133.147
98.3178
132.174
141.777
127.966
166.9
216.127
143.334
120.746
77.1837
168.886
133.444
159.209
134.232
134.55
164.484
146.453
182.911
79.6643
85.447
210.036
146.078
144.369
117.505
180.8
137.243
207.411
83.8448
111.422
135.694
103.924
190.041
130.591
131.738
184.637
73.8352
129.86
142.818
78.5173
183.468
106.106
87.549
119.361
166.197
86.6516
163.385
151.885
71.599
126.72
204.79
160.965
191.836
172.652
109.986
169.461
170.96
188.703
170.663
131.11
123.337
166.466
179.138
178.411
115.172
83.2645
193.269
126.984
152.786
118.435
165.178
136.434
171.577
215.012
131.819
197.691
126.981
139.913
123.144
168.825
128.527
141.723
176.337
103.292
159.638
167.088
111.881
128.749
189.549
170.637
139.373
116.258
106.386
151.722
114.768
113.813
189.18
190.342
189.327
113.046
191.925
175.348
138.734
106.468
108.434
152.673
195.035
144.137
86.2027
185.808
171.226
132.151
123.874
120.408
193.983
160.291
113.261
159.096
175.433
168.159
182.99
165.811
173.684
125.881
160.162
143.603
156.904
208.023
161.116
166.404
129.862
200.105
110.582
91.4172
167.518
156.705
192.38
173.468
149.486
135.639
125.678
202.661
126.561
203.295
143.925
192.424
188.849
154.006
182.661
191.673
137.612
104.344
110.89
117.526
161.818
142.529
141.701
129.912
185.271
100.404
148.873
147.693
140.277
180.595
111.946
147.897
159.422
136.694
102.628
214.272
200.187
141.704
141.75
124.062
171.645
152.155
174.609
131.055
185.916
185.18
179.839
154.091
112.575
146.708
90.247
133.266
183.91
123.552
103.815
175.64
152.43
218.735
153.207
123.517
133.991
120.427
152.099
154.406
110.011
175.699
136.665
120.224
145.145
158.329
158.166
179.5
133.247
160.435
166.599
120.024
202.723
159.252
138.164
133.95
139.424
187.442
149.677
196.612
119.711
173.757
169.004
123.701
103.955
164.216
168.875
130.862
145.779
223.168
200.529
171.243
181.386
131.861
196.143
150.011
133.405
177.418
144.135
104.35
130.592
162.875
137.91
188.416
140.047
177.13
185.276
163.548
175.43
205.317
117.598
179.24
205.896
123.807
223.082
137.57
196.767
173.788
186.259
144.593
144.623
130.564
131.201
180.691
182.145
153.75
170.001
119.403
122.48
194.894
136.482
195.313
131.203
130.598
110.717
135.804
142.675
153.989
127.758
119.641
182.465
186.45
159.537
180.059
155.495
197.087
158.612
134.035
129.878
158.678
126.789
200.12
140.303
216.244
149.291
160.857
135.135
146.297
144.361
244.391
126.395
151.248
201.544
142.092
155.171
112.262
195.256
159.584
119.62
139.414
173.374
167.304
158.118
115.882
154.484
167.813
182.693
168.502
118.921
144.547
228.401
160.813
155.697
148.456
170.003
150.028
160.037
127.159
183.382
153.168
180.156
220.422
147.929
180.017
136.367
148.307
159.48
118.753
169.455
148.539
190.424
188.864
185.299
156.977
143.349
157.728
164.456
155.918
179.631
200.561
149.152
187.994
151.258
186.239
156.439
144.415
