1194	1300	
908	919	
1879	905	
967	344	
1484	275	
2	1104	
3	953	
1283	921	
806	5	
1740	994	
1560	1811	
1690	1287	
274	1578	
1497	1850	
896	511	
48	1357	
364	1161	
53	327	
1299	239	
1677	567	
285	7	
1945	146	
1577	8	
1002	1960	
1207	1765	
80	1658	
1397	676	
1293	853	
1817	789	
1008	995	
1150	1251	
1299	946	
649	12	
1155	1574	
1055	1430	
1298	13	
1233	344	
1761	1646	
299	1965	
51	1782	
1215	600	
548	1856	
1740	1307	
931	1242	
1514	16	
656	1555	
1100	1052	
1669	1280	
46	1728	
515	530	
1085	18	
634	551	
572	808	
1741	792	
446	1385	
1608	442	
1349	20	
907	121	
105	653	
856	21	
1937	1525	
1851	1374	
4	22	
1695	1697	
761	1173	
339	23	
807	1764	
615	955	
1134	1895	
1651	961	
702	1177	
855	1566	
1970	1771	
1816	773	
762	26	
945	1155	
1806	1367	
623	27	
805	396	
324	1062	
1798	28	
1260	603	
88	1118	
44	29	
544	933	
538	942	
570	30	
124	554	
31	1733	
1317	525	
1663	1666	
607	691	
17	32	
1257	1598	
1353	1918	
1385	33	
834	265	
1288	1042	
24	34	
1868	721	
1797	1323	
727	35	
1389	1455	
1253	1100	
1281	1253	
1232	1452	
608	1104	
1679	37	
328	192	
1706	1295	
98	38	
971	543	
1189	415	
511	1040	
923	794	
715	1431	
1630	40	
41	1465	
723	170	
825	41	
1139	1403	
286	1803	
280	42	
1032	570	
486	771	
940	43	
1939	385	
314	1142	
29	827	
1771	1133	
1745	20	
341	45	
1319	441	
1844	486	
1	46	
1902	1541	
1806	709	
1132	47	
787	1601	
1494	648	
820	48	
1432	540	
1580	440	
1843	1468	
1669	1553	
1562	590	
10	50	
616	1225	
1559	594	
1898	51	
552	349	
854	626	
91	52	
889	515	
765	429	
327	910	
487	625	
315	707	
398	54	
1698	1475	
1941	1880	
1796	55	
594	1092	
1271	1647	
1411	56	
1627	966	
1520	1421	
1145	57	
1532	697	
984	1919	
1775	1235	
1242	951	
754	1683	
930	59	
875	1413	
1890	1667	
973	60	
140	1875	
992	1527	
1944	61	
789	1687	
504	518	
941	62	
1890	1612	
63	1324	
1962	63	
479	1158	
1883	1086	
1080	64	
1420	1689	
1652	74	
1037	65	
1107	1599	
1234	300	
767	66	
1306	1053	
519	1233	
542	67	
433	1280	
1327	947	
150	68	
352	158	
1220	1730	
665	69	
545	277	
1387	1930	
1767	70	
984	832	
1701	1943	
1657	71	
515	267	
604	570	
604	532	
1185	635	
1250	1508	
1226	73	
262	663	
1463	1247	
1947	74	
657	1164	
165	546	
670	75	
505	41	
371	690	
408	76	
153	504	
1401	1827	
1352	77	
1573	1672	
759	1183	
304	78	
894	1044	
757	75	
136	79	
1658	1703	
1923	1178	
1703	80	
1846	1480	
1977	1432	
796	81	
725	280	
306	1784	
1656	1872	
779	1529	
1191	1649	
1842	83	
1909	1350	
841	1152	
223	1834	
1939	1540	
661	1955	
401	85	
589	358	
1520	1165	
57	172	
924	831	
557	103	
1564	87	
1118	1953	
1614	1972	
1953	88	
852	1965	
838	1430	
1436	89	
1119	1163	
1400	25	
797	90	
1099	1286	
622	18	
1286	91	
918	1636	
398	359	
696	92	
1725	675	
93	862	
1648	93	
1439	1379	
94	581	
1935	94	
769	754	
1671	273	
1422	95	
1462	635	
1223	1644	
1239	96	
1027	1558	
843	1332	
413	97	
742	1291	
1946	566	
673	1196	
686	1478	
1320	1279	
366	99	
1854	1447	
100	288	
1328	100	
1255	629	
505	353	
1910	101	
1942	1358	
1913	1958	
181	102	
1334	940	
750	329	
940	103	
903	1905	
1927	1440	
424	1440	
1524	1398	
910	492	
1003	105	
97	1929	
461	1872	
1115	106	
877	844	
1719	343	
883	107	
78	1603	
1922	1154	
1143	108	
442	1930	
1618	659	
914	109	
1286	52	
1545	1098	
1545	110	
1172	616	
823	1024	
1950	111	
1627	419	
1165	1421	
1335	427	
263	736	
960	487	
362	113	
807	916	
1758	969	
1623	1072	
1729	1266	
49	1931	
1537	115	
1668	432	
1007	330	
432	116	
828	489	
497	428	
1759	117	
1667	1612	
895	1901	
1967	118	
1661	1596	
1543	1125	
1596	119	
1170	1240	
1363	610	
243	120	
458	1008	
1006	16	
498	121	
122	1871	
1649	1678	
1211	122	
123	466	
490	1021	
830	490	
1407	1038	
1359	512	
1030	124	
1121	58	
1664	1558	
510	125	
368	1248	
919	1376	
1647	126	
1314	1944	
1653	1611	
1243	212	
355	1000	
1704	1230	
1383	128	
65	1681	
129	1094	
1199	129	
1878	1059	
1605	1797	
893	130	
1384	1055	
1731	542	
1917	1731	
1716	1622	
1802	326	
517	1530	
1758	1134	
1356	785	
1404	1456	
815	1123	
1503	1744	
1821	134	
1354	268	
1216	587	
1645	135	
79	1044	
520	604	
1064	546	
1062	1085	
550	142	
1075	137	
1127	16	
1401	1035	
271	518	
624	1524	
1754	1445	
541	139	
925	295	
1928	1202	
1609	140	
603	1846	
611	1836	
1302	141	
550	331	
511	1043	
331	142	
342	1952	
1126	1722	
1760	143	
1653	1867	
1539	1767	
1222	144	
1536	1482	
145	1644	
1087	1644	
1945	1983	
298	1331	
1983	146	
567	556	
549	1624	
1513	147	
537	1780	
148	71	
1780	148	
1362	1516	
577	729	
1516	149	
68	617	
1835	1173	
617	150	
735	1405	
1872	1414	
639	151	
1173	595	
1186	780	
1710	152	
1899	1956	
678	271	
633	678	
1096	1417	
75	876	
763	154	
1377	569	
576	1395	
693	155	
725	42	
1762	676	
1274	156	
1119	1891	
612	363	
1200	157	
932	1874	
19	792	
1523	158	
1361	586	
1818	1178	
1273	159	
1555	1402	
1923	1343	
1829	160	
1610	1806	
1476	47	
1684	161	
1297	48	
1163	699	
1321	162	
1144	571	
285	1124	
1517	163	
492	327	
371	723	
591	164	
749	544	
760	757	
1088	760	
1655	25	
166	1921	
338	166	
1262	1386	
1522	694	
1904	167	
674	1607	
1724	1493	
1448	168	
1251	1237	
1161	209	
652	169	
376	585	
622	393	
750	170	
1894	710	
1787	83	
596	171	
1296	1694	
172	744	
86	172	
791	1290	
1180	1934	
358	173	
1455	734	
1957	1182	
664	174	
1575	846	
811	1327	
846	175	
1941	357	
577	1422	
1310	176	
892	1579	
1468	452	
1794	177	
328	1229	
1379	999	
1935	178	
1980	9	
231	1413	
583	179	
1431	1246	
180	959	
1863	180	
102	1434	
1985	1411	
983	181	
1076	1462	
398	1031	
1076	707	
894	861	
876	1208	
861	394	
156	620	
184	87	
1081	184	
898	408	
626	28	
795	185	
637	1148	
451	1719	
1148	1565	
1186	1303	
1182	777	
316	187	
1106	1436	
568	459	
829	188	
448	911	
724	1152	
92	189	
1914	1629	
1700	626	
629	1700	
573	1426	
1077	1621	
1544	191	
783	1498	
811	1471	
1498	192	
1942	867	
1582	1212	
1241	193	
970	857	
1568	679	
1415	194	
1452	1317	
1589	1446	
1589	1270	
1629	768	
196	1785	
624	1785	
1593	401	
1711	714	
1699	1217	
418	651	
858	1275	
1534	198	
654	651	
199	1607	
1620	199	
305	848	
414	978	
1640	200	
928	874	
1090	118	
874	201	
907	21	
736	971	
362	202	
614	766	
203	1749	
1884	203	
609	900	
910	53	
929	204	
1579	936	
1737	456	
1563	205	
1749	1884	
1512	1234	
1304	206	
336	677	
842	1743	
822	207	
1859	1283	
208	1630	
405	1630	
1161	927	
839	878	
927	209	
597	749	
210	839	
878	210	
56	1696	
1550	1128	
1879	211	
1689	1690	
212	949	
127	212	
110	1396	
1369	756	
402	213	
1969	110	
1297	369	
396	1781	
1399	1984	
870	1929	
641	215	
1180	882	
1143	1400	
108	216	
1554	1548	
217	1617	
1980	217	
964	122	
1391	687	
706	218	
1651	1360	
219	844	
877	219	
539	974	
1328	288	
1454	220	
244	1782	
719	1568	
420	221	
1293	1108	
680	1784	
1717	222	
765	801	
359	1423	
1031	223	
1224	1631	
419	1591	
1255	1335	
460	872	
1219	662	
1831	225	
497	902	
1390	1647	
1453	226	
1335	112	
899	601	
813	227	
1019	1772	
1927	1305	
404	228	
229	1273	
1992	1101	
1147	1103	
334	1344	
831	10	
1734	230	
1466	1570	
1868	1637	
1750	231	
1166	1300	
1301	1449	
474	1301	
1213	1437	
1882	106	
437	233	
861	747	
490	869	
123	234	
1218	849	
1212	1365	
1097	235	
236	1169	
1623	114	
1009	236	
1059	948	
976	483	
1790	237	
1402	1810	
1203	350	
1892	238	
1041	938	
920	1959	
1499	239	
1827	1104	
1363	1277	
982	240	
561	708	
1263	741	
1243	241	
912	962	
1398	105	
1003	242	
945	1606	
842	930	
1587	243	
1782	1419	
1359	1746	
784	1474	
995	434	
987	941	
62	245	
1002	1949	
1308	1572	
1500	246	
720	1689	
1014	1037	
1689	247	
998	1118	
1889	1004	
1873	248	
682	1961	
939	1769	
125	249	
736	362	
1028	591	
979	250	
989	1168	
1288	1801	
0	251	
252	58	
994	1345	
1735	252	
1690	1799	
253	130	
893	253	
1581	1082	
1556	1692	
1256	254	
1889	1759	
1017	496	
1638	255	
1626	506	
1021	987	
506	256	
249	510	
524	1307	
1633	257	
258	780	
665	1802	
1933	258	
896	1043	
509	1064	
509	259	
1155	1067	
944	37	
527	260	
449	1032	
536	1062	
532	261	
663	551	
1284	65	
262	1112	
736	543	
1050	726	
543	263	
264	1144	
516	1401	
1048	1035	
834	1954	
537	1036	
131	265	
1264	129	
1674	1673	
560	266	
515	137	
550	1075	
137	267	
1063	1943	
563	587	
1723	268	
375	134	
1484	268	
535	269	
760	546	
996	1040	
270	546	
678	77	
271	504	
678	1054	
1908	1134	
1315	1893	
24	272	
1476	1132	
273	716	
1132	1516	
173	1130	
1501	1463	
1130	1501	
1484	1824	
990	1772	
1824	275	
13	1025	
1114	1480	
1567	276	
1771	618	
1244	1511	
1615	277	
1730	1228	
1802	1056	
1530	278	
563	1116	
1899	944	
128	279	
725	593	
597	293	
593	280	
558	1318	
1581	1358	
1356	281	
1663	562	
1900	17	
1190	282	
947	579	
1693	562	
1126	283	
955	71	
284	1038	
1407	284	
7	1138	
884	182	
1138	285	
1803	1274	
544	597	
42	286	
1512	943	
1609	395	
1341	287	
1328	1691	
1593	85	
1691	288	
1753	1252	
1634	298	
146	289	
342	599	
290	1722	
1109	290	
1296	1720	
744	1145	
632	291	
1652	1597	
1694	632	
1089	1535	
597	1088	
570	270	
165	293	
1823	1461	
1174	1900	
1461	294	
1294	773	
1464	395	
1763	295	
296	669	
1507	1684	
161	296	
389	1373	
586	339	
638	297	
289	1983	
1604	1378	
26	298	
1201	177	
1332	1141	
582	299	
1754	1262	
1250	694	
685	300	
347	1208	
1424	1096	
1403	301	
1930	1608	
1539	70	
144	302	
303	614	
1870	388	
596	303	
354	547	
1921	681	
1732	304	
848	1577	
1894	1133	
693	305	
1164	1728	
306	1812	
151	306	
1230	1912	
1104	1175	
37	307	
1958	1974	
1376	908	
1985	308	
1963	33	
1561	1599	
541	309	
186	1148	
1564	940	
1069	557	
1949	1960	
311	1570	
1888	311	
1501	1513	
777	1957	
1708	312	
1615	545	
1820	340	
1991	313	
1142	1153	
540	1977	
1153	314	
1482	884	
1753	1462	
884	315	
1528	1303	
1624	1578	
1518	316	
1566	1279	
317	1200	
1467	1200	
1850	1865	
318	797	
162	318	
91	723	
319	329	
91	319	
1700	756	
320	190	
629	320	
1864	578	
5	1101	
5	321	
1219	1665	
322	1206	
1684	322	
42	1656	
1405	1417	
639	323	
1062	690	
750	324	
170	324	
286	1412	
1869	1526	
1412	391	
1802	1852	
1295	1505	
1852	326	
76	327	
817	250	
591	327	
1229	1490	
1246	715	
1490	328	
319	584	
588	652	
169	329	
1314	1976	
1435	1420	
1736	330	
550	72	
726	996	
331	520	
1046	1670	
332	1993	
1957	332	
1856	1616	
333	729	
548	1310	
1734	107	
1426	648	
1544	334	
738	672	
1302	1593	
1932	335	
1642	95	
712	713	
716	336	
337	1403	
735	593	
670	337	
1339	722	
1861	952	
722	338	
1989	711	
1703	613	
1343	339	
1820	1887	
713	1125	
1543	340	
957	1395	
1867	1611	
824	341	
1952	1788	
704	160	
1788	342	
730	1204	
343	1680	
1459	343	
832	1919	
1336	198	
732	344	
1828	1920	
682	1408	
1920	345	
27	1238	
346	1211	
1238	1211	
1403	1	
865	1399	
1984	347	
724	696	
348	753	
348	918	
364	1137	
692	169	
652	349	
1203	115	
630	1201	
1819	350	
1291	775	
1425	1074	
775	351	
1311	69	
1673	174	
352	1673	
361	1660	
505	1188	
768	505	
1214	152	
1573	1575	
152	667	
508	1394	
1458	1129	
1457	355	
1392	1300	
356	1241	
193	356	
1592	687	
1191	1678	
357	1488	
805	1290	
744	1756	
1410	358	
1496	398	
707	1423	
1496	359	
1277	1583	
1242	1018	
1517	360	
1660	1853	
1588	1813	
938	361	
804	448	
625	856	
804	362	
612	1823	
645	1461	
1823	363	
1459	1719	
364	11	
1719	1137	
1472	1992	
365	829	
188	365	
1786	772	
1737	10	
1729	366	
1657	148	
1801	1340	
34	367	
1017	1551	
368	1809	
1090	368	
1297	879	
1429	1751	
1330	369	
351	178	
745	642	
745	370	
690	889	
898	76	
898	889	
231	1686	
727	1549	
1380	372	
526	1355	
751	1247	
1355	373	
1973	781	
374	426	
194	374	
1084	697	
1905	1643	
1446	375	
585	723	
376	795	
185	376	
1693	1663	
1471	1586	
1727	377	
1622	808	
1196	1586	
1196	378	
1570	1888	
1648	862	
583	379	
1381	1837	
1913	636	
867	380	
157	1891	
1400	1922	
699	381	
98	673	
1489	1814	
1845	382	
1838	633	
1198	1883	
1912	798	
1290	1347	
1357	1601	
787	384	
672	1493	
1147	229	
81	1147	
1331	1834	
847	1858	
1834	885	
1766	1682	
654	418	
1620	387	
1870	171	
901	895	
1901	388	
1373	1483	
1531	1427	
1483	389	
1335	629	
1299	649	
1631	390	
391	1792	
1105	1916	
1792	1860	
668	19	
392	1874	
932	392	
622	802	
927	839	
209	393	
394	183	
760	136	
79	394	
1464	767	
1754	1386	
139	395	
214	778	
1098	1145	
1210	791	
1967	1090	
1525	22	
1325	397	
21	189	
398	1152	
724	398	
1616	1619	
399	1223	
207	399	
1886	794	
400	812	
1217	400	
1776	1540	
1903	1614	
881	401	
1545	1969	
1159	585	
810	854	
1092	785	
403	1454	
220	403	
1883	1333	
1151	1021	
1333	404	
1839	1128	
405	208	
40	405	
1114	793	
1724	796	
168	406	
1113	743	
1192	1367	
1871	407	
76	912	
795	825	
912	408	
461	1414	
156	1844	
156	409	
487	410	
410	929	
204	410	
1651	1761	
1986	456	
1515	411	
1210	214	
850	1099	
850	412	
1747	1984	
413	1929	
870	413	
1539	1577	
414	1640	
1236	414	
747	183	
1371	1208	
876	415	
600	1753	
96	1642	
96	207	
1577	1866	
417	1613	
1915	417	
1337	1131	
1774	1055	
1131	418	
986	224	
1255	427	
224	419	
221	972	
1364	1800	
1911	420	
308	1411	
1550	1879	
211	421	
1875	1156	
1602	1867	
1968	422	
821	1218	
902	428	
845	1978	
697	1452	
1095	1733	
1270	809	
1439	1712	
425	1617	
217	425	
1606	1625	
426	719	
111	426	
1520	813	
1668	863	
112	427	
902	1453	
1839	1641	
1738	428	
765	1718	
1350	1257	
765	1350	
1720	1421	
1639	237	
116	1639	
1412	933	
431	839	
210	431	
1668	1926	
920	1499	
1926	432	
1280	1322	
1320	1344	
1416	433	
39	942	
434	245	
942	434	
700	1598	
1909	167	
1904	435	
1435	1259	
1777	619	
1259	1777	
1135	1437	
1755	1784	
1164	437	
695	1183	
1167	444	
1157	438	
610	790	
439	968	
790	1587	
671	106	
1108	1491	
1717	440	
1319	1881	
1141	491	
1987	441	
1832	1805	
646	1750	
1117	442	
956	1113	
502	1757	
236	443	
1167	1768	
1751	1154	
1768	444	
1304	119	
1745	561	
957	445	
1826	1409	
900	765	
1826	1635	
41	1910	
1700	1369	
320	814	
804	202	
995	913	
202	448	
1032	18	
544	431	
449	878	
934	1696	
1292	1470	
1533	450	
1565	1393	
927	393	
1393	927	
1468	14	
803	1981	
14	803	
1192	1449	
453	1831	
1962	453	
999	1548	
1368	1272	
1368	454	
1712	117	
1289	1695	
909	455	
1737	866	
1102	1171	
1752	456	
133	1456	
1955	1298	
457	1306	
918	907	
911	804	
907	458	
1504	926	
1810	1022	
1892	459	
872	1940	
1896	1091	
917	460	
788	1576	
1433	106	
222	461	
1969	1721	
954	1685	
1721	462	
1242	1709	
1441	120	
931	982	
1974	826	
886	1097	
826	886	
1830	871	
1992	1971	
1103	465	
1925	1317	
1120	1988	
1317	466	
1250	1378	
906	943	
206	467	
468	1140	
747	234	
1876	468	
1799	958	
469	977	
247	469	
107	1840	
470	1227	
230	831	
1011	1359	
1288	0	
251	471	
1627	1591	
472	1756	
899	472	
1289	1697	
1427	915	
1261	473	
1212	840	
474	743	
1278	474	
1868	35	
904	469	
977	475	
1162	1434	
476	102	
1434	476	
524	1807	
1817	1735	
1775	477	
1489	1498	
1285	1519	
1020	1285	
1158	1628	
784	244	
1495	479	
1364	985	
1391	1238	
218	480	
1123	1726	
1961	1408	
1485	481	
242	962	
482	410	
53	482	
1976	1924	
1959	1790	
1924	800	
1149	65	
1542	860	
893	484	
1156	241	
1816	1294	
241	925	
1762	1397	
1326	1478	
771	1326	
625	54	
801	1718	
54	487	
225	1789	
1375	1967	
1789	1375	
1765	1702	
1600	1418	
1638	489	
62	894	
490	123	
234	490	
1213	1135	
491	1332	
843	491	
817	979	
960	625	
113	492	
1816	61	
1813	239	
976	493	
1093	968	
1587	439	
1093	970	
965	238	
1266	366	
1786	495	
1146	1492	
1848	1572	
1492	496	
1486	1859	
1889	1873	
1859	497	
121	1008	
987	62	
245	498	
1466	1413	
1001	973	
1500	499	
1676	1951	
1184	1441	
1184	945	
1961	1938	
984	740	
939	501	
443	1557	
1692	1057	
1557	502	
1556	1057	
1258	1016	
1474	503	
1160	256	
1006	1151	
256	504	
41	962	
1209	1524	
242	1061	
696	918	
506	498	
121	506	
507	1121	
1140	1876	
104	1876	
1394	1479	
1193	1047	
1479	508	
538	39	
1040	726	
259	1040	
1051	815	
993	897	
1235	510	
896	913	
1050	543	
913	511	
873	1758	
1979	1757	
1746	1011	
484	253	
513	1639	
253	948	
1667	1450	
1146	60	
255	514	
267	971	
1028	817	
1028	971	
1827	264	
1054	138	
1035	516	
132	988	
1281	665	
258	517	
1054	256	
1626	264	
1477	1160	
1233	967	
1122	537	
1036	1249	
604	997	
997	996	
997	520	
1298	1025	
1804	1954	
1808	521	
275	1084	
522	1354	
269	522	
1791	1038	
1168	1231	
1503	1168	
1460	1747	
524	1633	
257	524	
963	1452	
1060	718	
1033	525	
1355	1473	
1933	517	
1473	1862	
260	1067	
1688	1181	
1175	527	
615	1594	
1487	684	
1833	528	
1837	1764	
1256	1979	
1072	529	
536	137	
530	889	
137	530	
1282	1824	
531	1645	
135	531	
261	1032	
532	72	
30	532	
534	1136	
1046	560	
266	533	
1136	1605	
1083	130	
1136	1276	
1532	1502	
1744	1701	
1029	535	
622	1085	
536	1075	
261	536	
1122	131	
1731	67	
1122	1015	
39	259	
1044	861	
259	538	
1908	1318	
974	1779	
133	539	
568	1481	
1830	1923	
1432	1153	
309	1409	
1386	1385	
1826	541	
1456	1053	
1315	24	
1404	542	
971	142	
142	1050	
142	543	
933	286	
544	42	
286	544	
277	1884	
545	1887	
277	203	
757	79	
546	509	
136	546	
282	32	
1214	1710	
1005	547	
1240	1880	
1616	754	
176	548	
1624	274	
1501	147	
274	549	
142	267	
550	137	
267	550	
1878	130	
551	262	
1112	551	
1841	1251	
1865	1177	
162	552	
1536	1152	
553	1205	
285	553	
1628	1723	
554	268	
1723	554	
1225	1172	
1116	279	
1172	555	
1312	74	
1513	1463	
1708	556	
103	310	
1069	1334	
310	557	
1288	1340	
558	272	
24	558	
1202	287	
559	140	
1202	1341	
1382	1444	
1455	1094	
1444	560	
708	1341	
1353	287	
1341	561	
290	150	
562	1666	
1190	562	
1590	1714	
135	64	
135	1080	
1702	1207	
564	1936	
1068	1936	
724	1124	
565	1058	
1124	565	
1946	1327	
1693	1126	
283	566	
589	1245	
1597	634	
1070	567	
1329	1481	
1504	1742	
1329	568	
1377	1525	
1894	693	
1937	569	
449	293	
570	165	
293	570	
571	264	
360	163	
931	1018	
808	132	
1228	1220	
1530	572	
1426	1494	
1467	1566	
1494	573	
1265	1078	
627	1842	
1507	574	
1054	77	
575	608	
1773	575	
576	1596	
1244	155	
1661	576	
1671	1132	
577	1521	
1907	577	
1442	1106	
578	1448	
1106	321	
1788	143	
579	283	
1126	579	
82	42	
580	286	
42	580	
1228	278	
581	1272	
1228	326	
1580	1931	
1468	49	
1931	582	
179	1765	
1741	19	
9	583	
584	692	
584	329	
169	584	
1159	91	
91	170	
91	585	
1361	297	
1989	638	
297	586	
563	279	
1704	1912	
279	587	
802	329	
588	169	
329	588	
589	567	
1130	1934	
1677	589	
1562	1538	
1148	1348	
1538	590	
53	912	
591	898	
76	591	
592	1387	
302	1222	
302	592	
735	75	
1088	165	
75	593	
1559	1908	
281	1092	
281	594	
1666	1190	
595	32	
282	595	
303	1815	
1842	1476	
1815	596	
1065	544	
597	165	
1065	597	
1424	1417	
598	306	
151	598	
961	1109	
599	628	
1109	599	
1215	1571	
600	635	
1571	600	
899	291	
601	1073	
291	601	
1390	1271	
934	1376	
308	602	
1260	276	
1114	1567	
276	603	
331	72	
604	30	
72	604	
680	1316	
605	82	
1316	605	
791	214	
462	1269	
110	606	
1603	304	
607	1005	
691	1732	
608	1773	
1181	37	
1352	608	
900	429	
1718	1257	
429	609	
1254	59	
1138	553	
59	610	
1836	1470	
1691	1302	
1836	1593	
1406	317	
1655	381	
363	317	
540	1153	
613	1829	
160	613	
766	1541	
1132	273	
149	614	
1594	1821	
615	134	
1821	615	
1419	221	
1394	355	
221	616	
68	1280	
1174	17	
294	617	
710	1133	
1615	1244	
155	618	
1777	1611	
1608	1387	
144	619	
620	1274	
325	1526	
1803	620	
162	621	
1177	1267	
1163	621	
1085	324	
802	324	
324	622	
27	1610	
1610	1206	
1610	623	
196	1188	
653	1107	
196	1209	
960	362	
625	21	
362	625	
854	376	
626	795	
376	626	
1795	1665	
627	574	
83	627	
628	1109	
1952	143	
1760	628	
1897	28	
447	320	
1313	1700	
1819	1203	
1794	1201	
1794	630	
325	1412	
1564	1334	
933	1081	
292	1535	
1506	291	
1506	632	
1704	1956	
633	307	
1956	633	
1597	1694	
430	1059	
1694	634	
600	289	
1331	73	
1634	635	
1913	181	
636	1271	
1985	636	
343	1204	
1650	1148	
1650	637	
1431	1373	
1273	827	
44	638	
725	1632	
1812	605	
1632	639	
25	381	
90	1922	
381	640	
347	763	
46	1213	
1139	215	
1490	1825	
642	888	
1569	642	
340	1887	
643	762	
1887	643	
1423	1076	
644	1176	
315	644	
645	317	
1406	1461	
1406	645	
721	1948	
646	1117	
1948	646	
300	1508	
647	1522	
300	647	
1426	343	
1119	621	
1267	648	
12	1914	
1588	938	
1914	649	
798	1451	
1054	271	
1451	504	
1187	344	
1336	732	
1346	651	
1497	11	
11	588	
1497	588	
1826	309	
624	1209	
1561	653	
654	198	
1337	1620	
1319	1337	
1706	1272	
655	1311	
326	655	
1266	99	
1515	1761	
1515	656	
657	1755	
301	337	
1728	657	
579	1519	
658	1343	
339	658	
1618	201	
1551	1612	
201	659	
422	1349	
660	1222	
341	660	
1955	1260	
1302	1470	
141	661	
388	171	
1787	1219	
1787	662	
1605	1323	
1947	1993	
1323	663	
174	36	
1253	1052	
36	664	
1662	158	
1852	655	
1311	665	
731	1224	
666	1707	
1631	1707	
1575	175	
667	1672	
354	667	
689	1570	
668	1741	
379	668	
1649	1206	
669	1265	
161	669	
337	154	
670	876	
154	670	
1580	582	
671	1882	
1332	671	
1540	85	
672	335	
85	672	
1229	1845	
673	382	
1845	673	
387	1682	
674	1106	
1442	674	
675	564	
1466	1686	
311	675	
771	1869	
1105	831	
391	676	
336	1215	
1642	1683	
416	677	
798	1838	
678	1352	
153	678	
1568	1129	
1364	1911	
1129	679	
1316	1510	
1510	755	
1316	1433	
1921	1428	
681	1174	
1428	681	
1036	1509	
148	1110	
1509	682	
1945	1125	
683	298	
26	683	
1487	367	
1801	34	
367	684	
1445	1262	
1522	1904	
167	685	
772	1438	
1579	1819	
350	686	
1391	1488	
1973	357	
1488	687	
1338	1986	
1729	1563	
366	688	
379	93	
1686	1750	
1380	689	
371	170	
690	324	
170	690	
607	338	
1603	952	
1861	691	
1150	349	
692	1841	
1150	1841	
305	8	
1511	70	
8	693	
694	776	
1604	26	
776	1604	
549	1247	
695	1518	
316	695	
1018	1636	
696	1124	
918	1517	
1589	195	
697	1906	
195	697	
332	1670	
698	664	
1670	698	
1163	90	
699	640	
1163	640	
435	1257	
885	1331	
84	700	
1680	1719	
1565	1348	
186	701	
1680	1137	
1850	1177	
1850	702	
1655	1339	
703	1921	
166	703	
1555	1646	
704	770	
1646	704	
705	603	
705	1932	
1846	705	
218	1770	
1238	346	
1770	706	
1858	1031	
1496	315	
707	359	
561	20	
1156	1243	
1968	708	
709	346	
1192	1301	
407	709	
1133	1970	
1870	596	
1970	710	
1989	159	
711	1178	
159	711	
1571	1675	
1675	1362	
1675	712	
1362	149	
1902	1125	
1902	713	
1711	1614	
1531	180	
1614	714	
1246	1783	
715	1531	
1783	715	
336	1966	
1966	1907	
1966	716	
112	1739	
1739	1897	
1739	717	
1216	1230	
383	1309	
1198	1309	
719	111	
1458	1457	
1950	719	
1822	1690	
720	1736	
330	720	
1868	436	
1777	819	
436	721	
1339	1849	
1143	216	
1849	722	
898	185	
723	376	
185	723	
856	189	
724	92	
189	724	
1632	323	
725	735	
323	725	
1050	331	
520	72	
331	726	
35	372	
727	1380	
372	727	
566	377	
728	811	
1471	728	
333	1310	
1191	1488	
1310	729	
573	1566	
334	191	
334	730	
1629	12	
731	390	
1224	390	
1982	97	
1534	1336	
1982	1336	
1979	1857	
1692	51	
502	733	
1455	1874	
1673	36	
352	734	
1405	1096	
735	670	
1096	735	
263	202	
736	113	
202	736	
1213	1	
737	437	
1164	737	
738	335	
406	1448	
406	738	
1928	1609	
739	1763	
295	739	
1747	1990	
740	97	
1990	740	
1263	1736	
741	330	
1736	741	
1291	1425	
1425	1229	
1425	742	
474	232	
232	407	
232	743	
1245	358	
744	57	
86	57	
370	351	
1554	999	
351	1379	
837	1447	
746	937	
403	746	
183	1687	
747	1927	
468	747	
354	152	
748	780	
1186	748	
449	597	
449	210	
449	749	
91	750	
750	802	
319	750	
698	1100	
751	187	
373	751	
1098	1410	
752	358	
1410	752	
360	1583	
7	348	
1583	348	
548	333	
1422	1907	
1521	754	
440	1885	
755	1433	
1885	755	
1313	717	
756	1897	
717	1897	
394	75	
757	136	
394	757	
385	1493	
1971	1101	
81	758	
316	1303	
759	1603	
78	759	
270	165	
757	593	
165	760	
1173	175	
761	377	
1727	761	
643	1749	
1378	467	
206	762	
1221	6	
1189	1371	
1189	1208	
1569	1863	
764	1783	
1863	764	
1635	204	
204	487	
204	765	
614	313	
1820	1991	
313	766	
767	1107	
1107	1464	
1464	1599	
1629	1465	
1660	1188	
1465	768	
95	1683	
1619	1856	
207	769	
143	80	
770	160	
1829	770	
1576	409	
1762	1526	
1844	771	
1438	205	
1729	688	
205	772	
1041	1560	
1763	767	
66	773	
980	1795	
774	1206	
322	774	
1291	38	
1935	1220	
38	775	
435	1598	
776	1226	
1598	776	
1182	312	
777	1708	
312	777	
1210	1396	
1237	584	
412	778	
1529	397	
779	4	
397	779	
1186	1528	
187	373	
1528	780	
1880	1170	
781	1592	
194	781	
178	94	
782	1980	
1368	782	
1498	1964	
1246	764	
1964	783	
1419	616	
784	1495	
479	784	
539	1779	
785	403	
220	785	
1445	1202	
786	139	
395	786	
805	1347	
1180	1130	
1347	787	
82	1656	
788	409	
156	788	
789	183	
1345	1740	
183	1345	
463	243	
1443	59	
1363	1587	
384	1855	
1098	606	
396	791	
1741	454	
1706	1368	
454	792	
199	1864	
793	406	
168	793	
1292	1836	
1217	812	
197	794	
185	408	
795	912	
408	795	
578	321	
796	1971	
1101	796	
318	1321	
1429	1975	
1321	797	
798	1514	
1309	1883	
16	798	
334	1171	
799	1621	
107	799	
1546	483	
1959	237	
483	800	
765	487	
801	1031	
487	801	
329	209	
802	393	
209	802	
89	852	
1843	1981	
452	803	
911	21	
625	804	
21	804	
787	805	
805	791	
384	805	
5	188	
1472	1066	
188	806	
1764	1381	
1392	833	
1381	807	
572	98	
1196	382	
98	808	
1121	104	
1095	31	
424	809	
778	1396	
854	1721	
110	1159	
1471	1713	
1489	192	
1713	811	
1217	611	
1903	1972	
1699	812	
813	1739	
1705	427	
112	813	
1910	666	
814	825	
190	814	
1123	375	
815	1446	
1123	1446	
1958	380	
816	102	
380	816	
979	327	
817	591	
327	817	
1372	1893	
818	1657	
1893	818	
1420	1259	
1653	1602	
212	819	
48	1601	
1751	975	
444	820	
659	1111	
821	849	
1111	821	
416	96	
822	1239	
96	822	
1592	194	
823	679	
1568	823	
576	70	
824	660	
1222	824	
814	447	
825	626	
1700	825	
845	1091	
826	464	
235	826	
827	44	
1147	758	
385	827	
1071	1374	
828	1617	
425	828	
452	14	
1742	49	
1843	829	
1045	809	
1019	1988	
466	830	
1105	1860	
1748	470	
184	831	
1919	345	
1342	1920	
345	832	
833	193	
1582	1194	
1582	833	
1187	967	
1774	1384	
1187	834	
430	116	
835	1585	
116	835	
1951	1155	
1625	857	
111	836	
1447	100	
1696	450	
1533	837	
1774	1131	
838	168	
199	838	
393	878	
839	887	
393	839	
63	3	
840	1365	
1278	840	
565	1179	
182	1496	
182	841	
769	399	
842	1443	
1268	842	
1012	1135	
1882	1115	
491	437	
877	1102	
1344	1171	
1102	844	
1091	126	
1218	423	
1453	845	
1575	1716	
382	1471	
1716	846	
1076	1185	
386	885	
386	847	
305	22	
1915	200	
1915	848	
821	1248	
849	917	
1248	849	
1781	1297	
850	369	
1297	850	
1472	1977	
851	1103	
465	851	
1766	1079	
1141	1987	
1766	852	
1293	1491	
222	1414	
1491	853	
626	402	
1159	52	
402	854	
317	1553	
1320	1416	
433	855	
856	724	
856	54	
398	856	
1625	1415	
857	1170	
1415	857	
441	1881	
1881	1012	
1881	858	
1004	1450	
859	248	
1450	859	
958	484	
1799	1287	
1877	860	
1064	79	
183	861	
79	861	
862	392	
1389	1094	
1389	862	
863	731	
863	1926	
390	863	
1433	1115	
864	1164	
437	864	
6	1189	
865	1984	
347	865	
1737	50	
1752	1171	
1734	866	
867	1358	
1195	380	
1195	867	
868	200	
1236	1387	
1236	868	
123	830	
404	1006	
1988	869	
1990	1460	
215	1	
215	870	
1818	229	
871	465	
1103	871	
460	1809	
1789	1831	
1809	872	
989	1231	
873	969	
251	873	
928	1613	
1325	779	
1613	874	
1466	231	
1805	442	
1117	875	
415	183	
876	394	
183	876	
961	1360	
1338	1515	
1360	877	
449	18	
622	878	
18	878	
48	1855	
1330	797	
1975	879	
880	116	
427	863	
427	880	
1776	1972	
881	1903	
1776	1903	
882	1934	
1167	1157	
1578	882	
883	1840	
1621	590	
1562	883	
884	145	
1176	1252	
1239	884	
1350	1718	
1858	1370	
223	885	
886	1241	
886	235	
464	886	
451	1393	
887	431	
103	887	
642	1439	
888	909	
455	888	
1028	164	
889	371	
164	889	
495	238	
890	1438	
1203	890	
167	609	
891	1262	
891	609	
892	630	
1108	1717	
1201	892	
484	1469	
893	1083	
1469	893	
861	234	
894	941	
234	894	
662	488	
1375	118	
488	895	
942	1043	
896	995	
434	896	
58	507	
1807	1307	
1775	897	
185	371	
898	164	
371	898	
472	1627	
227	1520	
227	899	
609	446	
1635	929	
446	900	
1937	1377	
901	1901	
388	901	
1715	1667	
1978	1453	
423	902	
1905	125	
1485	1726	
1485	903	
436	475	
904	977	
475	904	
905	794	
905	405	
1886	905	
1234	1508	
467	1304	
467	906	
918	92	
907	189	
92	907	
1376	421	
1641	1128	
421	908	
455	117	
1873	1759	
117	909	
492	410	
910	482	
410	910	
448	458	
911	907	
458	911	
242	41	
912	825	
41	912	
995	263	
913	543	
263	913	
417	200	
914	1308	
1572	914	
1886	400	
915	714	
1711	915	
1392	1166	
916	1557	
443	916	
460	1940	
1097	1324	
1940	917	
458	121	
918	1018	
121	918	
1641	1738	
919	1453	
226	919	
1959	1585	
1793	239	
1585	920	
1283	1486	
1839	1738	
1486	921	
922	1236	
1930	1805	
1832	922	
923	905	
1292	1533	
1879	923	
470	1840	
1916	1013	
831	50	
1609	1875	
1816	1039	
485	925	
1504	1537	
926	115	
1537	926	
1161	451	
927	887	
451	927	
874	1618	
1848	1308	
496	928	
929	1826	
929	1003	
1409	929	
1254	1443	
930	1268	
1443	930	
1827	1035	
1709	951	
571	982	
392	1505	
1523	655	
1505	932	
749	210	
933	940	
749	431	
1696	1847	
934	602	
1847	934	
1839	1366	
935	1697	
1366	935	
853	486	
1326	1579	
1326	936	
746	1454	
1955	1306	
457	937	
361	1853	
1811	1785	
1853	938	
501	1961	
501	257	
501	1633	
933	431	
940	887	
431	940	
894	490	
941	1021	
490	941	
538	62	
942	245	
62	942	
906	445	
1918	1745	
445	943	
944	128	
1193	260	
1383	944	
1587	120	
1951	500	
1552	945	
649	239	
946	1793	
1299	1793	
1327	1814	
1285	23	
1814	947	
1878	1296	
1639	1790	
430	948	
127	1243	
1602	1349	
422	949	
830	869	
950	747	
1927	950	
1709	463	
1277	610	
463	951	
338	108	
1183	438	
1157	952	
1962	3	
1449	1367	
1962	953	
606	1545	
954	213	
462	954	
955	1485	
1110	682	
481	955	
1194	1365	
956	743	
474	956	
1395	45	
957	943	
45	957	
1799	1822	
1149	1681	
1822	958	
959	1953	
959	1261	
473	959	
960	410	
960	113	
492	960	
1360	219	
1322	433	
219	961	
76	53	
962	482	
53	962	
1452	1925	
963	1095	
1925	963	
964	1475	
1113	1166	
1698	964	
1402	1142	
459	238	
459	965	
1591	472	
1269	1098	
1145	966	
1187	265	
1249	519	
1584	967	
1093	1240	
15	1856	
1240	968	
873	471	
471	1895	
471	969	
1552	494	
1093	439	
494	970	
736	250	
1028	267	
250	971	
1169	55	
972	420	
55	972	
1001	1500	
1492	1848	
246	973	
1547	67	
974	457	
1306	974	
1751	1768	
1922	1143	
216	975	
1294	61	
1499	800	
1546	976	
1637	1654	
1199	1094	
1654	977	
414	109	
978	1725	
1500	978	
113	250	
979	492	
113	979	
953	453	
980	1665	
1219	980	
1283	1695	
981	859	
248	981	
575	1104	
1184	1552	
500	982	
1162	1854	
983	1411	
56	983	
939	1408	
832	1558	
1342	1664	
1796	236	
985	480	
1475	985	
1685	213	
986	1798	
1685	402	
256	498	
987	245	
498	987	
667	1573	
988	517	
258	988	
1231	1359	
1258	1474	
503	989	
1772	1351	
1282	275	
990	1351	
1356	1092	
1358	1195	
476	991	
1877	1542	
992	1007	
1542	992	
1938	510	
993	1235	
510	993	
1740	477	
994	1775	
477	994	
1008	448	
202	995	
448	995	
726	520	
997	509	
520	996	
604	270	
997	546	
270	997	
935	208	
998	473	
1261	998	
1548	1595	
1595	1851	
1595	999	
1950	1574	
1000	1193	
260	1000	
1960	499	
1001	246	
499	1001	
1949	60	
1702	489	
60	1002	
242	482	
929	482	
482	1003	
1889	1418	
1715	1890	
1418	1715	
547	1835	
1005	1428	
547	1428	
650	1127	
1006	1021	
1127	1006	
1542	1527	
1924	1314	
1527	1007	
1008	434	
1008	498	
245	1008	
1796	1169	
1009	733	
1169	1009	
1110	71	
1594	528	
1833	1010	
512	1857	
1034	1256	
512	1011	
233	1275	
1012	858	
1275	1012	
924	10	
1013	1478	
1563	1013	
1149	1264	
1014	129	
1264	1014	
1315	1372	
1731	131	
537	1015	
479	1628	
1016	1030	
124	1016	
1551	1890	
1146	255	
514	1017	
918	506	
1144	1626	
506	1018	
718	228	
1019	1120	
1772	1988	
783	1361	
1020	478	
1361	1020	
1021	1127	
256	987	
256	1021	
1810	495	
1022	99	
495	99	
505	242	
1023	1003	
242	1023	
1800	823	
480	706	
1800	1024	
13	1917	
1808	1954	
1917	1025	
138	271	
1659	1477	
1160	1659	
1558	1769	
1747	1399	
1769	1027	
164	515	
1028	250	
515	1028	
1029	269	
1791	284	
1502	1029	
124	523	
1168	1778	
523	1030	
54	801	
1031	1370	
54	1031	
1032	293	
30	261	
30	1032	
1232	275	
1033	1282	
275	1033	
1134	1559	
1034	1979	
254	1034	
240	571	
516	1048	
264	1035	
1509	1828	
1122	1584	
519	1036	
1014	1382	
1136	533	
1382	1037	
1042	0	
1503	1701	
1778	1038	
485	241	
1944	1976	
1263	1039	
996	509	
1040	1043	
509	1040	
1560	493	
1041	976	
493	1041	
0	1407	
1487	1833	
528	1042	
1040	39	
1043	434	
39	1043	
894	538	
1044	1064	
538	1044	
1140	1121	
1733	123	
1440	1045	
1670	1797	
1046	266	
533	1046	
1047	527	
1047	1181	
1688	1047	
506	1160	
1048	1026	
506	1026	
1735	1687	
104	950	
1735	1049	
726	511	
1050	913	
511	1050	
1270	424	
1051	1643	
1121	1643	
1662	69	
1473	526	
1281	1052	
133	1404	
1547	542	
1456	1547	
1659	1773	
516	1026	
77	1477	
1430	1567	
1804	1808	
1567	1804	
278	1197	
1056	526	
1197	1056	
1692	1898	
1474	1495	
1898	1057	
348	285	
1058	1179	
1124	553	
513	253	
1059	130	
253	1059	
1484	1590	
531	718	
1590	1060	
101	41	
1061	1023	
505	1061	
536	530	
1062	889	
530	1062	
1943	1354	
1744	1791	
535	1063	
1044	259	
1064	136	
259	1064	
544	280	
1065	1088	
280	1065	
806	365	
1481	1432	
1329	1066	
1676	500	
1067	527	
1175	1067	
9	179	
1207	564	
1888	1068	
1227	1748	
1538	310	
470	1334	
1245	567	
1070	1535	
1245	172	
1374	1600	
1071	1418	
1600	1071	
1942	1764	
1757	1857	
114	1072	
1506	292	
1073	744	
1535	744	
351	745	
1825	1863	
1569	1074	
536	532	
1075	72	
532	1075	
182	315	
1076	1753	
707	644	
637	191	
1077	1544	
191	1077	
1265	296	
1671	574	
296	1671	
1965	89	
1079	674	
1442	1079	
64	1158	
1116	128	
555	1080	
1860	631	
1081	43	
631	1081	
1082	1358	
1256	1757	
529	1082	
893	1284	
1276	262	
534	1083	
1906	1532	
1084	522	
269	1084	
18	261	
1085	536	
261	1085	
1060	531	
1198	383	
1198	1645	
1179	1536	
1087	1205	
1058	1205	
1065	593	
760	593	
593	1088	
1312	1652	
1089	1070	
1312	1089	
1111	201	
1090	1325	
201	1090	
1896	235	
1091	1647	
235	1091	
1162	476	
1092	991	
476	1092	
1606	857	
1093	1170	
857	1093	
1199	727	
1094	1549	
727	1094	
1733	809	
809	1589	
809	1095	
1424	337	
1096	670	
337	1096	
235	917	
1097	63	
917	1097	
1388	1410	
791	1388	
752	1388	
1286	778	
1099	412	
778	1099	
1473	373	
1100	1182	
373	1100	
1448	321	
1101	806	
321	1101	
1338	456	
1102	1752	
456	1102	
871	229	
1103	758	
229	1103	
2	1676	
500	1827	
500	1104	
1916	676	
1105	391	
676	1105	
1436	5	
1106	1607	
5	1106	
196	624	
653	1599	
624	1107	
936	892	
1108	440	
892	1108	
1322	68	
1109	150	
68	1109	
1010	955	
1110	481	
955	1110	
201	368	
1111	1248	
368	1111	
1112	1878	
1112	1276	
130	1112	
1871	964	
1113	1698	
964	1113	
1480	603	
1114	276	
603	1114	
843	437	
1115	1784	
437	1115	
563	1080	
1116	555	
1080	1116	
875	231	
1117	1750	
231	1117	
88	642	
1118	1289	
642	1118	
1891	648	
1119	1267	
1891	1267	
1120	869	
830	1317	
830	1120	
1121	1051	
424	104	
424	1121	
1780	1036	
1122	1249	
1036	1122	
1726	615	
1123	134	
615	1123	
696	348	
1124	1058	
696	285	
1543	26	
1125	683	
26	1125	
1658	143	
1760	1722	
143	1126	
650	504	
1127	256	
650	256	
1550	905	
1128	1366	
905	1128	
1458	420	
1129	1911	
420	1129	
173	589	
1130	147	
589	1130	
1337	199	
1131	1384	
199	1131	
1815	614	
1132	149	
614	1132	
1894	155	
1133	618	
155	1133	
1895	558	
1134	1318	
558	1134	
737	233	
1135	1275	
233	1135	
1284	1037	
1136	266	
1037	1136	
701	451	
1137	1161	
451	1137	
1583	610	
1138	1205	
610	1138	
301	1	
1139	641	
1	1139	
1687	1049	
1140	507	
1049	1140	
299	852	
1141	1766	
852	1141	
1481	459	
1142	965	
459	1142	
108	722	
1143	1849	
722	1143	
571	1018	
1144	506	
1018	1144	
966	472	
1145	1756	
472	1145	
1492	1017	
1146	514	
1017	1146	
229	827	
1147	385	
827	1147	
1650	590	
590	1348	
590	1148	
1469	958	
1149	247	
958	1149	
1251	162	
1150	552	
162	1150	
1021	869	
1151	404	
869	1151	
724	565	
1152	1179	
565	1152	
1142	160	
1153	1923	
160	1153	
640	90	
1154	1429	
90	1154	
1574	111	
1155	836	
111	1155	
1875	708	
1156	1968	
708	1156	
952	108	
1157	1768	
108	1157	
1225	555	
1158	1080	
555	1158	
585	854	
1159	810	
585	810	
256	518	
1160	1026	
256	138	
209	588	
1161	11	
209	11	
476	785	
1162	1447	
785	1162	
621	318	
318	90	
318	1163	
1437	46	
1164	1755	
46	1164	
1165	1705	
1165	880	
1705	880	
1113	443	
1166	916	
443	1166	
1601	882	
1167	438	
882	1167	
1258	1030	
1168	523	
1030	1168	
55	51	
1169	733	
51	1169	
857	194	
1170	1941	
194	1170	
1752	107	
1171	799	
107	1171	
1172	508	
1172	1116	
128	1172	
1835	354	
1173	1575	
354	1173	
1900	617	
1174	294	
617	1174	
500	2	
608	1688	
2	1175	
1176	315	
1176	1239	
884	1176	
552	621	
1177	1119	
621	1177	
1818	871	
1178	1830	
871	1178	
1058	553	
1179	1482	
1058	1087	
882	787	
1180	173	
787	1180	
1175	608	
1181	307	
608	1181	
1100	751	
1182	1247	
751	1182	
759	952	
1183	1157	
952	1183	
1441	1709	
1184	500	
982	1184	
1331	386	
1185	847	
386	1185	
1672	152	
1186	1710	
152	1186	
1346	418	
418	1774	
418	1187	
768	353	
1188	1209	
353	1188	
1139	347	
1189	1221	
347	1189	
1722	150	
1190	617	
150	1190	
1678	729	
1191	357	
729	1191	
1367	709	
1192	407	
709	1192	
1679	944	
1193	1383	
1679	1383	
1300	833	
1194	1212	
833	1194	
991	102	
1195	816	
102	1195	
378	808	
1196	98	
808	1196	
132	517	
1197	1933	
517	1197	
718	1086	
1198	1216	
1086	1198	
1199	1264	
1199	1654	
977	1199	
157	381	
1200	612	
381	1200	
177	440	
1201	1108	
440	1201	
1928	395	
1202	1754	
395	1202	
890	238	
1203	926	
238	1203	
730	191	
1204	1459	
730	637	
1138	59	
1205	1644	
59	1205	
322	161	
1206	669	
161	1206	
1765	1068	
1207	1936	
1068	1207	
876	154	
1208	763	
154	1208	
1188	1061	
1023	1524	
1061	1209	
1396	214	
1210	1388	
110	1210	
122	407	
1211	709	
407	1211	
356	886	
1212	1097	
886	1212	
1135	870	
1213	215	
870	1213	
1214	354	
1214	1732	
547	1214	
1215	1252	
1215	677	
416	1215	
1086	531	
1216	1645	
1086	1645	
400	794	
1217	197	
794	1217	
1896	845	
1218	1978	
845	1218	
980	1449	
1219	488	
453	1219	
1228	581	
1220	94	
581	1220	
1189	865	
1221	1399	
865	1221	
1395	70	
1222	592	
70	1222	
399	822	
1223	145	
822	1223	
1255	320	
1224	1707	
731	190	
555	479	
1225	1419	
479	1225	
73	298	
1226	26	
298	1226	
1227	230	
1227	184	
831	1227	
1730	572	
1228	1530	
572	1228	
1845	742	
1229	1074	
742	1229	
1230	798	
383	1216	
383	1230	
1168	251	
1231	1746	
251	1231	
963	697	
1232	1084	
697	1232	
1828	345	
1233	732	
519	1919	
1512	287	
287	1445	
287	1234	
1643	58	
1235	897	
58	1235	
1866	200	
1236	1640	
200	1236	
1251	692	
1237	1099	
692	1237	
1024	706	
1238	1770	
706	1238	
1087	145	
1239	1223	
145	1239	
176	15	
15	1743	
15	1240	
193	380	
1241	464	
380	1241	
1277	360	
1242	1636	
951	163	
1156	422	
1243	949	
422	1243	
1511	576	
1244	1661	
576	1244	
358	86	
1245	1070	
86	1245	
1431	783	
1246	1964	
783	1246	
751	316	
1247	695	
316	1247	
368	460	
1248	917	
460	1248	
1249	1233	
1249	1584	
967	1249	
1508	647	
1250	1522	
647	1250	
1237	850	
1251	1321	
850	1251	
1176	96	
1252	416	
1176	416	
1100	664	
1253	36	
664	1253	
59	790	
439	790	
790	1254	
320	731	
1255	863	
731	1255	
254	594	
1256	529	
254	529	
223	84	
1257	700	
1718	700	
1030	989	
1258	503	
989	1258	
1435	212	
1259	819	
212	1259	
603	141	
1260	661	
141	1260	
998	208	
1261	1630	
208	1261	
891	167	
1262	685	
891	685	
1039	241	
1263	1243	
241	1263	
1149	469	
1264	977	
469	1264	
1078	577	
1265	729	
577	1265	
1022	495	
1266	1786	
495	1266	
648	343	
1267	702	
648	1680	
1268	1619	
1268	1223	
399	1268	
462	966	
1269	1145	
966	1269	
424	1051	
1270	815	
1051	1270	
636	308	
1271	602	
308	1271	
581	326	
1272	1295	
326	1272	
159	638	
1273	44	
638	1273	
1656	580	
1274	286	
580	1274	
233	491	
1275	1141	
233	1141	
1112	1083	
1276	534	
1083	1276	
360	951	
1277	463	
951	1277	
1324	3	
1278	953	
3	1278	
1320	334	
1279	730	
334	1279	
1669	294	
1280	617	
294	1280	
1253	69	
1281	1862	
69	1281	
1060	990	
1351	1033	
990	1282	
921	935	
1283	1697	
935	1283	
1037	534	
1284	1083	
534	1284	
1519	947	
1285	478	
947	1285	
1099	584	
1286	319	
1099	319	
860	992	
1287	1007	
992	1287	
1340	471	
1288	251	
471	1288	
1118	888	
909	248	
888	1289	
791	752	
1290	358	
752	1290	
742	673	
1291	98	
673	1291	
197	923	
1292	450	
923	1292	
853	936	
1293	892	
936	1293	
1546	493	
1294	66	
61	1560	
1272	655	
1295	1523	
655	1295	
1720	430	
1296	1059	
430	1296	
1781	214	
1297	1855	
1781	1855	
1298	521	
1298	1260	
276	1298	
946	390	
1299	1631	
390	1299	
1194	956	
1300	1113	
956	1300	
1192	232	
1301	1278	
232	1301	
141	705	
1302	1932	
705	1302	
1186	78	
1303	1518	
78	1303	
119	445	
1304	906	
445	1304	
1927	1045	
1045	1733	
1045	1305	
1547	13	
1306	1298	
13	1306	
897	477	
1307	1221	
477	1307	
1848	246	
1308	109	
246	1308	
383	798	
1309	1333	
798	1309	
176	357	
1310	1191	
357	1310	
1311	1662	
1311	1523	
158	1311	
1312	556	
1312	1070	
567	1312	
717	756	
1313	629	
756	1313	
1924	483	
1314	1546	
483	1314	
1372	542	
1315	272	
542	1315	
680	306	
1316	1812	
306	1316	
1351	1019	
1317	1120	
1019	1317	
558	133	
1318	1356	
133	1318	
441	387	
1319	654	
387	1319	
1279	855	
855	1416	
855	1320	
1251	369	
1321	1330	
369	1321	
68	961	
1322	1416	
961	1322	
1797	332	
1323	1993	
332	1323	
3	840	
1324	1212	
840	1324	
1090	874	
1325	4	
874	1325	
936	486	
1397	1478	
486	1326	
947	283	
1327	566	
283	1327	
100	746	
1328	937	
746	1328	
1066	365	
1329	1742	
365	1329	
369	879	
1330	1975	
879	1330	
386	635	
1331	1634	
386	1634	
671	299	
1332	852	
299	1332	
1309	16	
1333	1006	
16	1333	
940	557	
1334	1748	
557	1334	
112	717	
1335	1313	
717	1335	
198	651	
1336	1346	
651	1336	
1131	654	
1337	387	
654	1337	
456	877	
1338	411	
877	1338	
722	166	
1339	703	
166	1339	
1801	24	
1340	558	
24	1340	
708	140	
1341	559	
708	559	
1664	832	
1342	345	
832	1342	
339	711	
1343	1178	
711	1343	
1320	844	
1344	1102	
844	1344	
1817	1687	
1345	415	
789	1345	
418	344	
1346	732	
344	1346	
1290	173	
1347	1180	
173	1347	
590	310	
103	1565	
310	1348	
1349	1745	
1349	660	
341	1349	
429	167	
1350	429	
1909	429	
1019	525	
1351	1282	
1019	1033	
678	307	
1352	1181	
307	1352	
1918	561	
1353	1341	
561	1353	
522	535	
1354	1063	
1063	522	
1933	780	
1355	1528	
780	1355	
1318	539	
1356	1779	
539	1356	
396	384	
1357	787	
384	1357	
1581	991	
991	1195	
991	1358	
512	1057	
1359	989	
503	1359	
1651	411	
1360	1338	
411	1360	
586	23	
23	1020	
23	1361	
1541	713	
1362	712	
713	1362	
1441	243	
1363	790	
243	1363	
1800	679	
1364	1129	
679	1364	
1365	1278	
1365	956	
474	1365	
1128	405	
1366	208	
405	1366	
453	980	
1367	1795	
980	1367	
782	94	
1368	581	
94	1368	
1897	1369	
1369	626	
28	1369	
1031	359	
1370	847	
1031	1423	
6	415	
1371	876	
415	1371	
1372	818	
1372	1015	
537	1372	
389	44	
1373	638	
44	1373	
1851	425	
1374	828	
425	1374	
1967	895	
1375	488	
895	1375	
1390	602	
1376	1847	
602	1376	
569	388	
1377	1529	
569	901	
1604	762	
1378	206	
762	1378	
1439	745	
1379	1554	
745	1379	
689	93	
1380	1549	
93	1380	
1837	193	
1381	833	
193	1381	
1444	266	
1382	1136	
266	1382	
128	508	
1383	1479	
508	1383	
1384	199	
1384	1430	
838	1384	
446	891	
1385	1262	
891	1385	
786	541	
1386	33	
541	1386	
1608	302	
1387	868	
302	1387	
1210	606	
1388	1098	
606	1388	
1648	392	
1389	1874	
392	1389	
602	919	
1390	126	
919	1390	
687	1024	
1391	706	
1024	1391	
1166	807	
1392	1381	
807	1392	
1348	103	
1393	887	
1565	887	
508	616	
1394	1457	
616	1394	
70	824	
1395	341	
824	1395	
778	52	
1396	1159	
52	1396	
676	1013	
1397	1326	
1013	1397	
1209	1023	
1398	1003	
1023	1398	
1027	524	
1399	1307	
524	1399	
25	640	
1400	90	
640	1400	
1659	575	
1401	1104	
575	1401	
1555	704	
1402	160	
704	1402	
1139	763	
1403	154	
763	1403	
133	272	
1404	1315	
272	1404	
735	323	
323	151	
323	1405	
1200	363	
1406	1823	
363	1406	
284	528	
1407	1042	
528	1407	
1938	501	
1408	1342	
501	1408	
1561	105	
1409	1003	
105	1409	
1098	57	
1410	86	
1098	86	
56	934	
1411	602	
934	1411	
933	43	
1412	1792	
933	631	
875	978	
1413	1725	
875	1725	
1414	1656	
1414	1576	
788	1414	
836	426	
1415	374	
426	1415	
1322	219	
1416	844	
219	1416	
1405	151	
1417	1755	
1405	598	
1600	255	
1418	1004	
255	1418	
1225	784	
1419	244	
784	1419	
1259	436	
1420	475	
436	1420	
1165	116	
1421	430	
116	1421	
1422	1683	
1422	1521	
754	1422	
1423	1185	
1423	1370	
1185	1370	
1417	657	
1424	1728	
657	1424	
1425	775	
1425	370	
351	1425	
573	730	
1426	1204	
730	1426	
1531	959	
1427	1261	
959	1427	
547	17	
1428	1174	
17	1428	
1154	797	
1429	1330	
797	1429	
838	793	
1430	1114	
793	1430	
1373	297	
1431	1361	
297	1431	
1977	1066	
1432	314	
1066	1432	
1115	680	
1433	1510	
680	1433	
1162	983	
1434	181	
983	1434	
1420	720	
1435	127	
720	1435	
89	803	
1436	1981	
803	1436	
46	737	
1437	233	
737	1437	
890	350	
1438	686	
350	1438	
1712	455	
455	642	
455	1439	
1140	104	
1440	809	
104	1440	
1363	463	
1441	982	
463	1441	
1079	89	
1442	1436	
89	1442	
1254	439	
1443	1743	
1254	968	
1382	129	
1444	1094	
129	1444	
1262	300	
1445	1234	
300	1445	
1906	195	
1446	1270	
195	1446	
1162	403	
1447	746	
403	1447	
321	796	
1448	1724	
796	1448	
1301	953	
1449	453	
953	1449	
423	497	
1450	981	
497	1450	
153	271	
1451	1514	
1838	504	
1232	1033	
1452	525	
525	1232	
845	126	
1453	1390	
126	1453	
220	457	
1454	937	
457	1454	
734	560	
1455	1444	
560	1455	
1053	974	
1456	539	
974	1456	
1394	221	
1457	420	
221	1457	
1129	719	
1458	1950	
719	1458	
1204	637	
1459	1148	
637	1459	
1460	641	
1460	870	
215	1460	
703	681	
1461	1174	
681	1461	
1252	600	
1462	1185	
600	1462	
1513	1708	
1463	1182	
312	1463	
395	739	
1464	1763	
739	1464	
666	101	
1465	505	
101	1465	
1413	675	
1466	311	
675	1466	
1279	573	
1467	1494	
573	1467	
452	582	
1468	1931	
582	1468	
958	65	
1469	1284	
65	1469	
1292	288	
1470	1691	
288	1470	
1946	377	
728	846	
728	1727	
1992	806	
1472	365	
806	1472	
373	1052	
1473	1281	
1052	1473	
503	1057	
1474	244	
1057	1474	
964	218	
1475	480	
218	1475	
1132	574	
1476	627	
574	1476	
518	138	
1477	1054	
1477	256	
1013	205	
1478	1438	
205	1478	
1479	355	
1479	1193	
1000	1479	
1480	793	
1480	738	
406	1480	
459	314	
1481	1066	
314	1481	
1179	1087	
1482	145	
1087	1482	
1373	715	
1483	714	
715	1483	
275	522	
1484	1354	
1354	275	
903	125	
1485	249	
125	1485	
1859	428	
1486	1738	
428	1486	
684	1042	
1487	528	
1042	1487	
1391	27	
1488	623	
27	1488	
1814	811	
1489	1713	
811	1489	
1825	764	
764	1964	
764	1490	
1108	222	
1491	1414	
222	1491	
1146	973	
1492	246	
973	1492	
1724	81	
1493	1147	
81	1493	
648	157	
1494	1200	
157	1494	
479	1016	
1495	1258	
1016	1495	
398	841	
1496	707	
841	1496	
588	349	
1497	1865	
349	1497	
783	1020	
1498	478	
1020	1498	
1499	1813	
1499	483	
976	1499	
978	109	
1500	1308	
109	1500	
1463	549	
1501	274	
549	1501	
1502	1906	
1502	1821	
134	1502	
1744	1038	
1503	1778	
1038	1503	
1892	568	
568	1742	
568	1504	
392	19	
1505	792	
19	1505	
292	1073	
1506	601	
1073	1506	
1078	296	
1507	161	
296	1507	
1250	467	
1508	1512	
467	1508	
1509	1780	
1509	1110	
148	1509	
1316	461	
1510	222	
461	1510	
1244	693	
1511	1767	
693	1511	
1508	906	
1512	1353	
906	1512	
147	556	
1513	312	
556	1513	
650	1451	
1514	1127	
650	1514	
656	99	
1515	1986	
99	1515	
1362	716	
1516	273	
716	1516	
360	753	
753	918	
753	1517	
1303	759	
1518	1183	
759	1518	
1285	339	
1519	658	
339	1519	
1520	1720	
1520	899	
291	1520	
754	333	
1521	729	
333	1521	
647	685	
1522	167	
685	1522	
158	932	
1523	1505	
932	1523	
1398	653	
1524	1107	
653	1524	
1377	779	
1525	4	
779	1525	
1526	1412	
1526	676	
391	1526	
513	237	
1527	800	
237	1527	
1303	187	
1528	373	
187	1528	
1377	901	
1529	895	
901	1529	
572	132	
1530	1197	
132	1530	
1427	714	
1531	1483	
714	1531	
1502	269	
1532	1084	
269	1532	
837	100	
1533	288	
100	1533	
1336	97	
1534	1012	
97	1534	
1070	172	
1535	1073	
172	1535	
1536	884	
1536	841	
182	1536	
1504	49	
1537	177	
49	1537	
470	1069	
1538	557	
1069	1538	
868	592	
1539	1222	
592	1539	
1776	881	
1540	401	
881	1540	
713	149	
1541	614	
149	1541	
1877	513	
1542	237	
1877	237	
340	643	
1543	762	
643	1543	
334	799	
1544	1621	
799	1544	
1969	462	
1545	1269	
462	1545	
493	61	
1546	1944	
61	1546	
13	1053	
1547	1404	
1053	1547	
1554	782	
1548	1980	
782	1548	
1380	862	
1549	1389	
862	1549	
1128	421	
1550	211	
421	1550	
1017	659	
1551	1111	
659	1551	
494	120	
1552	1441	
120	1552	
1669	433	
1553	855	
433	1553	
1379	178	
1554	94	
178	1554	
1555	1810	
1022	656	
1022	1555	
503	512	
1556	502	
512	1556	
443	1009	
1557	733	
1009	1557	
1747	740	
1558	984	
740	1558	
1082	254	
1559	1758	
254	1559	
1811	66	
1560	1294	
1811	1294	
1561	1409	
309	139	
309	1561	
883	470	
1562	1069	
470	1562	
1563	1916	
1563	688	
10	1563	
43	184	
1564	43	
87	43	
1393	701	
1565	186	
701	1565	
1467	317	
1566	1553	
317	1566	
276	521	
1567	1055	
521	1567	
1592	374	
1568	426	
374	1568	
1074	370	
1569	745	
370	1569	
1888	379	
1570	93	
379	1570	
1675	146	
1571	289	
146	1571	
914	417	
1572	1613	
417	1572	
748	258	
1573	1622	
1672	988	
1155	260	
1574	1000	
260	1574	
1173	667	
1573	1716	
667	1575	
1844	853	
1576	1491	
853	1576	
1866	868	
1577	592	
868	1577	
1624	438	
1578	1167	
438	1578	
1326	686	
1579	350	
686	1579	
582	671	
1580	1885	
671	1580	
1082	594	
1581	1092	
594	1581	
833	356	
1582	886	
356	1582	
610	7	
1583	753	
7	1583	
967	265	
1584	131	
265	1584	
835	432	
1585	1926	
835	1926	
1471	846	
1586	378	
846	1586	
120	970	
970	439	
970	1587	
1813	649	
1588	361	
649	1588	
195	963	
1589	1095	
963	1589	
1714	135	
1590	531	
1714	531	
1739	227	
1591	899	
227	1591	
374	823	
1592	1024	
823	1592	
1699	611	
1593	1470	
611	1593	
615	1010	
1594	1833	
1010	1594	
1548	217	
1595	425	
217	1595	
576	957	
1596	445	
957	1596	
1652	1089	
1597	1535	
1089	1597	
1834	73	
1598	1226	
73	1598	
1561	139	
1599	395	
139	1599	
1374	489	
1600	1638	
489	1600	
882	444	
1601	820	
444	1601	
819	949	
1602	422	
949	1602	
304	691	
1603	1861	
691	1603	
1378	694	
1604	1226	
694	1604	
1323	262	
1605	1276	
262	1605	
857	494	
1606	1552	
494	1606	
1106	578	
1607	1864	
578	1607	
1948	619	
1608	144	
619	1608	
485	295	
1609	739	
295	1609	
27	346	
346	1806	
346	1610	
1867	144	
1611	619	
144	1611	
1551	821	
1612	1218	
821	1612	
417	4	
1613	1325	
4	1613	
29	389	
1614	1483	
389	1614	
1991	618	
1615	155	
618	1615	
15	548	
1616	333	
548	1616	
217	9	
1617	179	
9	1617	
659	496	
1618	928	
496	1618	
1616	769	
1619	399	
769	1619	
387	674	
1620	1607	
674	1620	
799	883	
1621	1562	
883	1621	
1573	988	
1622	132	
988	1622	
114	916	
1623	1557	
916	1623	
549	695	
1624	1183	
695	1624	
1606	836	
1625	426	
836	1625	
506	1048	
1626	1035	
1048	1626	
966	954	
1627	224	
954	1627	
1723	124	
1628	1016	
124	1628	
1631	666	
1629	101	
666	1629	
40	915	
1630	1427	
915	1630	
666	12	
1631	649	
12	1631	
725	82	
1632	605	
82	1632	
501	993	
1633	1807	
993	1633	
635	289	
1634	1983	
289	1634	
204	900	
1635	1963	
204	1963	
1242	163	
1636	1517	
163	1636	
1654	475	
1637	436	
475	1637	
489	60	
1638	1146	
60	1638	
513	948	
1639	430	
948	1639	
200	914	
1640	109	
914	1640	
226	908	
1641	421	
908	1641	
95	677	
1642	416	
677	1642	
58	510	
1643	125	
510	1643	
1205	930	
1644	1268	
930	1644	
135	563	
1645	587	
563	1645	
1761	342	
1788	704	
342	1646	
1091	826	
1647	1974	
826	1647	
93	668	
1648	19	
668	1648	
1191	623	
1649	1610	
623	1649	
1650	191	
1077	590	
1077	1650	
961	599	
1651	342	
599	1651	
1652	634	
1652	663	
551	1652	
1611	819	
1653	949	
819	1653	
1637	35	
1654	727	
35	1654	
1339	612	
1655	1200	
612	1655	
580	156	
1656	788	
580	788	
818	367	
1657	1487	
367	1657	
143	579	
1658	1519	
579	1658	
575	516	
1659	1026	
516	1659	
1914	768	
1660	353	
361	353	
1596	277	
1661	1615	
277	1661	
69	36	
1662	1673	
36	1662	
595	761	
1663	377	
761	1663	
1342	939	
1664	1769	
939	1664	
1219	83	
1665	1684	
83	1665	
1190	595	
1666	761	
595	1666	
1612	423	
1667	497	
423	1667	
432	880	
1668	427	
880	1668	
1553	645	
1669	1461	
645	1669	
1674	174	
174	698	
174	1670	
1907	1078	
1671	1507	
1078	1671	
152	748	
1672	258	
748	1672	
1674	734	
352	1662	
734	1673	
1674	1670	
1674	560	
1046	1674	
1571	336	
1675	716	
336	1675	
2	1067	
1676	1155	
1067	1676	
1677	556	
1677	1130	
147	1677	
1649	669	
1678	1265	
669	1678	
1193	1679	
1679	1181	
1047	1679	
1137	702	
1680	1267	
702	1680	
1264	1681	
1681	1037	
1014	1681	
852	1079	
1682	674	
1079	1682	
1642	207	
1683	769	
207	1683	
1665	627	
1684	574	
627	1684	
1798	224	
1685	1627	
224	1685	
1466	689	
1686	1380	
689	1686	
1049	468	
1687	747	
468	1687	
1193	527	
1688	1175	
527	1688	
1420	904	
1689	469	
904	1689	
1287	330	
1690	720	
330	1690	
1328	661	
1691	141	
661	1691	
1556	733	
1692	1169	
733	1692	
1663	566	
1693	283	
566	1693	
1597	292	
292	632	
292	1694	
1289	248	
1695	981	
248	1695	
1854	837	
1696	1533	
837	1696	
935	998	
1697	1118	
998	1697	
1475	236	
1698	443	
236	1698	
611	401	
1699	881	
401	1699	
825	447	
629	447	
447	1700	
1503	523	
1701	124	
523	1701	
1207	1002	
1702	60	
1002	1702	
1658	658	
1703	1343	
658	1703	
1230	587	
1704	1899	
587	1704	
1165	813	
1705	112	
813	1705	
1295	792	
1706	454	
792	1706	
1224	190	
1707	1910	
190	1707	
556	74	
1708	1947	
74	1708	
571	931	
1709	982	
931	1709	
1214	304	
1710	78	
304	1710	
1711	40	
1711	812	
400	1711	
1439	999	
1712	1595	
999	1712	
1586	382	
1713	192	
382	1713	
1590	268	
1714	64	
268	1714	
1667	1004	
1715	255	
1004	1715	
1622	378	
1716	1586	
378	1716	
440	755	
1717	1510	
755	1717	
801	223	
1718	84	
801	84	
1459	186	
1719	701	
186	1719	
1296	632	
1720	291	
632	1720	
854	213	
1721	954	
213	1721	
150	562	
1722	1693	
562	1722	
1628	64	
1723	1714	
64	1723	
1493	738	
1724	406	
738	1724	
978	499	
1725	564	
499	1725	
1123	903	
1726	955	
903	1726	
761	175	
1727	846	
175	1727	
46	301	
1728	337	
301	1728	
1266	772	
1729	205	
772	1729	
1220	38	
1730	98	
38	1730	
542	1015	
1731	1122	
1015	1731	
1214	1005	
1732	607	
1005	1732	
31	466	
1733	1305	
466	1733	
866	50	
50	230	
50	1734	
252	507	
507	1049	
252	1049	
1263	127	
1736	1435	
127	1736	
456	688	
1737	1563	
688	1737	
428	226	
1738	908	
226	1738	
227	419	
419	986	
227	986	
1345	6	
1740	1221	
6	1740	
668	583	
1741	9	
583	1741	
1329	829	
1742	1843	
829	1742	
1443	968	
1743	1240	
968	1743	
1701	1063	
1744	535	
1063	1744	
943	45	
1745	341	
45	1745	
1231	873	
1746	1034	
873	1746	
740	1027	
1027	1399	
1027	1747	
1227	87	
1748	1564	
87	1748	
1884	206	
1749	762	
206	1749	
1686	372	
1750	35	
372	1750	
1429	820	
1751	444	
820	1751	
456	866	
1752	1734	
866	1752	
1076	644	
1753	1176	
644	1753	
1202	786	
1754	541	
786	1754	
1417	598	
1755	864	
598	1755	
472	601	
1756	1073	
601	1756	
1256	1072	
1757	1623	
1072	1757	
1559	1034	
1758	1746	
1034	1758	
1851	1071	
1759	1418	
1071	1759	
628	290	
1760	1126	
290	1760	
1646	656	
1761	411	
656	1761	
1397	771	
1762	1869	
771	1762	
295	773	
1763	66	
773	1763	
807	114	
1764	1072	
114	1764	
1702	828	
1765	1617	
828	1765	
1682	441	
1766	1987	
441	1766	
1511	8	
1767	1577	
8	1767	
1157	216	
1768	975	
216	1768	
939	257	
1769	524	
257	1769	
218	122	
1770	1211	
122	1770	
618	313	
1771	614	
313	1771	
990	718	
1772	228	
990	228	
1659	77	
1773	1352	
77	1773	
1804	834	
1774	1187	
834	1774	
1235	252	
1775	1735	
252	1775	
1540	385	
1776	827	
385	1776	
619	721	
1777	436	
721	1777	
1038	0	
1778	251	
0	1778	
974	220	
1779	785	
220	1779	
537	818	
818	148	
818	1780	
1297	412	
1781	778	
412	1781	
51	972	
1782	221	
972	1782	
764	180	
1783	1531	
180	1783	
1115	864	
1784	598	
864	1784	
624	767	
1785	66	
767	1785	
495	890	
1786	1438	
890	1786	
1901	171	
1787	1842	
171	1787	
143	770	
1788	1646	
770	1788	
225	872	
1789	1809	
872	1789	
1639	835	
1790	1585	
835	1790	
1744	1029	
1791	1502	
1029	1791	
1412	631	
1792	1105	
631	1792	
239	920	
1793	1585	
920	1793	
1819	115	
1794	1537	
115	1794	
1665	322	
1795	774	
322	1795	
236	985	
1796	1364	
985	1796	
1605	533	
1797	1046	
533	1797	
224	402	
1798	626	
402	1798	
958	860	
1799	992	
860	1799	
1364	480	
1800	706	
480	1800	
1288	684	
1801	367	
684	1801	
326	278	
1802	1197	
278	1802	
286	325	
325	1869	
325	1803	
834	1055	
1804	521	
1055	1804	
1832	875	
1805	1117	
875	1805	
1367	774	
1806	1206	
774	1806	
1633	897	
1807	477	
897	1807	
521	1025	
1808	1917	
1025	1808	
368	118	
1809	1375	
118	1809	
1402	965	
1810	238	
965	1810	
1560	938	
1853	1785	
938	1811	
306	639	
1812	1632	
639	1812	
1588	1041	
1813	976	
1041	1813	
1489	478	
1814	1285	
478	1814	
614	47	
1815	1476	
47	1815	
773	925	
1816	241	
925	1816	
789	994	
1817	1775	
994	1817	
1178	159	
1818	1273	
159	1818	
115	630	
1819	892	
630	1819	
1902	766	
1820	313	
766	1820	
1594	284	
1821	1791	
284	1821	
1690	247	
1822	1149	
247	1822	
612	703	
1823	681	
703	1823	
1484	1060	
1824	990	
1060	1824	
1490	1074	
1825	1569	
1074	1825	
1635	33	
33	541	
33	1826	
500	240	
240	264	
240	1827	
345	519	
1828	1036	
519	1828	
770	80	
1829	1703	
80	1829	
871	540	
1830	1153	
540	1830	
1789	488	
1831	1219	
488	1831	
922	414	
1832	978	
414	1832	
1010	71	
1833	1657	
71	1833	
73	700	
1834	84	
700	1834	
1173	32	
1835	17	
32	1835	
611	197	
1836	923	
197	1836	
1764	867	
1837	380	
867	1837	
633	153	
1838	1451	
153	1838	
1366	921	
1839	1486	
921	1839	
107	230	
1840	1227	
230	1840	
1150	652	
1841	169	
652	1841	
1787	596	
1842	1815	
596	1842	
1981	14	
1843	49	
14	1843	
853	409	
1844	620	
409	1844	
1229	192	
1845	1713	
192	1845	
1480	335	
1846	1932	
335	1846	
1696	211	
1847	421	
211	1847	
1572	928	
1848	496	
928	1848	
1339	25	
1849	1400	
25	1849	
702	364	
1850	11	
364	1850	
1071	117	
1851	1712	
117	1851	
1862	665	
1852	1311	
665	1852	
1660	196	
1853	1811	
196	1853	
837	56	
1854	983	
56	1854	
214	396	
1855	1357	
396	1855	
1619	842	
1856	1743	
842	1856	
1623	502	
1857	1556	
502	1857	
847	885	
1858	223	
885	1858	
1283	981	
1859	1450	
981	1859	
1860	1081	
1860	831	
184	1860	
691	338	
1861	108	
338	1861	
665	1056	
1862	526	
1056	1862	
1569	88	
1863	1953	
88	1863	
578	168	
1864	838	
168	1864	
1865	349	
1865	621	
552	1865	
8	848	
1866	1915	
848	1866	
1602	660	
1867	1222	
660	1867	
721	646	
1868	1750	
646	1868	
771	620	
1869	1803	
620	1869	
388	710	
1870	303	
710	1870	
964	743	
1871	232	
743	1871	
461	605	
1872	82	
605	1872	
1289	909	
1873	117	
909	1873	
932	352	
734	1874	
352	1874	
1156	485	
1875	295	
485	1875	
1440	950	
1876	747	
950	1876	
860	484	
1877	253	
484	1877	
1112	634	
1878	1694	
634	1878	
211	450	
1879	1292	
450	1879	
1941	176	
1880	15	
176	1880	
1319	198	
1881	1534	
198	1881	
671	843	
1882	437	
843	1882	
1333	228	
1883	718	
228	1883	
277	119	
1884	1304	
119	1884	
1580	106	
1885	1433	
106	1885	
400	40	
1886	405	
40	1886	
545	203	
1887	1749	
203	1887	
1068	179	
1888	583	
179	1888	
1004	859	
1889	248	
859	1889	
1715	514	
1890	1017	
514	1890	
1119	699	
1891	381	
699	1891	
568	926	
1892	1203	
926	1892	
1315	34	
1893	367	
34	1893	
710	569	
1894	1937	
569	1894	
1134	969	
1895	1340	
969	1895	
845	849	
1896	917	
849	1896	
1739	986	
986	28	
986	1897	
51	244	
1898	1474	
244	1898	
1704	279	
1899	128	
279	1899	
17	282	
1900	1190	
282	1900	
171	662	
1901	488	
662	1901	
766	340	
1902	1543	
340	1902	
1614	812	
1903	1699	
812	1903	
435	776	
1904	694	
776	1904	
903	815	
1905	1051	
815	1905	
195	375	
1906	134	
375	1906	
1078	273	
1907	716	
273	1907	
1318	281	
1908	594	
281	1908	
1350	435	
1909	1904	
435	1909	
1707	814	
1910	825	
814	1910	
420	55	
1911	1796	
55	1911	
1912	1956	
1912	1838	
633	1912	
1958	816	
1913	102	
816	1913	
768	361	
1914	1588	
361	1914	
848	22	
1915	4	
22	1915	
1105	924	
1916	10	
924	1916	
13	67	
1917	1954	
67	1917	
1353	943	
1918	45	
943	1918	
1982	732	
1919	1233	
732	1919	
1920	1509	
1920	1408	
682	1920	
166	607	
1921	1005	
607	1921	
1154	975	
1922	216	
975	1922	
1153	613	
1923	1703	
613	1923	
1976	1007	
1924	1527	
1007	1924	
1317	31	
1925	1095	
31	1925	
863	946	
1926	1793	
946	1926	
1305	123	
1927	234	
1305	234	
1202	559	
1928	140	
559	1928	
1929	1135	
1929	1534	
1012	1929	
1387	922	
1930	1832	
922	1930	
1580	177	
1931	1537	
177	1931	
335	85	
1932	1593	
85	1932	
780	526	
1933	1056	
526	1933	
1130	274	
1934	1578	
274	1934	
178	775	
1935	38	
775	1935	
1068	311	
1936	675	
311	1936	
1525	305	
1937	693	
305	1937	
481	249	
1938	993	
249	1938	
1939	85	
1939	1493	
672	1939	
872	63	
1940	1097	
63	1940	
1170	781	
1941	1973	
781	1941	
1942	1072	
1942	1082	
529	1942	
1701	554	
1943	268	
554	1943	
61	1039	
1944	1263	
1039	1944	
146	712	
1945	713	
712	1945	
377	728	
1946	811	
728	1946	
74	663	
1947	1323	
663	1947	
619	442	
1948	1117	
442	1948	
1960	1001	
1949	973	
1001	1949	
1574	355	
1950	1457	
355	1950	
836	945	
1951	1184	
945	1951	
342	628	
1952	1760	
628	1952	
1118	473	
1953	180	
473	1953	
1917	131	
1954	265	
131	1954	
661	937	
1955	457	
937	1955	
1899	37	
1956	307	
37	1956	
332	698	
1957	1100	
698	1957	
1974	464	
1958	1241	
464	1958	
920	800	
1959	1527	
800	1959	
1002	564	
1960	1725	
564	1960	
481	682	
1961	249	
481	1961	
63	225	
1962	1831	
225	1962	
204	446	
1963	1385	
446	1963	
1498	328	
1964	1490	
328	1964	
299	452	
1965	803	
452	1965	
336	95	
1966	1422	
95	1966	
1090	397	
1967	1529	
397	1967	
708	20	
1968	1349	
20	1968	
110	810	
1969	854	
810	1969	
1771	303	
1970	1870	
303	1970	
1992	758	
1971	81	
758	1971	
1776	29	
1972	389	
29	1972	
781	687	
1973	1488	
687	1973	
1958	636	
1974	1271	
636	1974	
879	48	
1975	820	
48	1975	
1944	741	
1976	330	
741	1976	
540	465	
1977	851	
465	1977	
226	902	
1978	423	
902	1978	
1857	1011	
1979	1746	
1011	1979	
782	454	
1980	1741	
454	1980	
1843	188	
1981	5	
188	1981	
732	984	
1982	740	
984	1982	
1945	683	
1983	298	
683	1983	
347	641	
1984	1460	
641	1984	
1985	1913	
1985	983	
181	1985	
1515	366	
1986	688	
366	1986	
441	858	
1987	1275	
858	1987	
1772	404	
1988	1151	
404	1988	
711	586	
1989	297	
586	1989	
1460	413	
1990	97	
413	1990	
618	545	
1991	1887	
545	1991	
1472	851	
1992	1103	
851	1992	
777	332	
1993	1708	
777	1993	
