2384	2596	
109	1834	
419	1842	
1930	24	
2965	546	
2204	1051	
123	2553	
2562	1838	
1608	2199	
80	1984	
3116	3618	
502	3376	
3865	15	
694	47	
14	1018	
92	1754	
725	335	
102	650	
1889	1888	
290	1174	
566	323	
288	3886	
3728	3531	
3916	116	
2410	35	
1154	156	
2790	32	
2582	1702	
3630	2686	
1986	486	
2296	1380	
18	2594	
1294	3259	
2306	3144	
2106	3	
548	2609	
24	684	
3518	3288	
595	3926	
98	3560	
1196	828	
3228	115	
89	2611	
1139	1138	
1592	2008	
3107	194	
69	2196	
46	2556	
9	3452	
1057	17	
2166	33	
3300	1098	
1612	1140	
1163	1580	
3923	2766	
3212	11	
87	3933	
1832	912	
614	206	
792	721	
3870	1798	
2744	230	
791	3827	
492	412	
60	1518	
674	953	
1610	3524	
958	564	
2264	3786	
3298	434	
1293	1401	
1706	93	
3936	1232	
3628	586	
235	593	
3898	1668	
51	3608	
1242	2973	
1607	1578	
644	1068	
423	79	
2516	1202	
2232	172	
84	77	
1084	416	
1880	514	
1136	141	
58	1104	
3462	845	
2630	59	
3322	560	
1378	1210	
297	3667	
1396	866	
3832	2702	
39	1079	
1664	526	
499	139	
541	731	
3732	1438	
2642	127	
1450	3305	
68	67	
69	2502	
2558	1325	
386	2901	
2347	151	
517	611	
72	380	
1306	3408	
192	3457	
222	1082	
305	2738	
281	1015	
76	1584	
590	356	
3256	413	
2118	2927	
336	149	
890	1821	
690	2802	
3602	568	
160	569	
1136	2060	
968	25	
858	171	
798	766	
2280	624	
84	1650	
86	1232	
87	49	
678	3487	
2634	878	
1538	25	
1470	28	
402	1422	
241	51	
2260	163	
765	428	
378	2984	
1636	3947	
94	1076	
876	594	
3683	351	
3334	3102	
1176	1763	
407	1845	
1564	26	
1184	504	
3792	1001	
1100	3726	
1248	1704	
178	801	
1774	17	
854	404	
102	207	
970	223	
2989	2149	
1709	2059	
3392	1924	
3756	1558	
106	3819	
3159	1185	
249	612	
2818	1963	
3250	940	
111	578	
110	169	
2164	746	
3834	4	
3546	2467	
2480	922	
186	2840	
874	2407	
182	2822	
122	1024	
488	507	
276	478	
1981	2010	
3884	3089	
826	2686	
272	1004	
976	487	
122	732	
1676	1831	
3920	1902	
954	2312	
1432	2392	
2156	1123	
420	3374	
144	2174	
254	257	
1531	2211	
2887	1290	
3567	1543	
2608	1080	
2462	1034	
130	259	
862	46	
1890	2650	
296	2215	
1465	312	
3456	552	
134	513	
1086	550	
3856	600	
1383	285	
1964	4	
244	3882	
293	3663	
1026	530	
141	75	
1061	1205	
2366	2921	
3012	2496	
2448	3193	
1099	1322	
371	291	
3890	3413	
1310	2325	
1516	536	
671	147	
1006	2927	
1376	738	
812	325	
2898	539	
1960	1858	
303	3543	
3142	705	
2362	3033	
3417	153	
154	2084	
2173	363	
268	1511	
156	3402	
157	625	
156	3655	
3688	54	
2860	94	
333	1513	
160	556	
209	608	
1572	299	
1554	6	
711	3294	
339	319	
3814	2696	
714	105	
855	769	
1340	798	
3906	1318	
166	279	
168	343	
850	111	
1484	341	
937	779	
202	1110	
3124	3493	
172	3902	
799	3224	
172	3723	
2154	595	
2856	2765	
2868	2881	
176	1239	
3695	2796	
321	2305	
2194	2568	
203	33	
178	635	
693	1388	
181	165	
180	375	
994	618	
183	2757	
3292	183	
184	2754	
2437	2733	
353	185	
186	662	
3338	1150	
1534	3929	
2921	10	
287	411	
1765	1641	
2050	3112	
979	1339	
3977	191	
1480	2578	
1128	1452	
760	1613	
1368	406	
2554	2636	
30	3027	
196	802	
197	3063	
2652	197	
444	776	
1533	703	
376	78	
200	2160	
201	3822	
358	757	
2664	1259	
1497	179	
202	1771	
1802	3806	
242	1011	
500	2877	
3044	1007	
207	1816	
481	2815	
3065	191	
3740	161	
463	441	
435	1684	
724	683	
936	1595	
1515	153	
759	3840	
2282	429	
880	11	
1314	3232	
3277	489	
216	178	
1904	789	
422	1209	
252	26	
219	3181	
218	1434	
220	834	
2838	111	
445	835	
522	1468	
223	1527	
1469	1917	
224	1828	
938	65	
469	3511	
3454	987	
3071	1161	
1849	3585	
3332	860	
656	119	
228	1667	
1652	974	
448	990	
3514	1815	
3330	122	
773	1786	
399	973	
3318	1148	
2246	677	
234	886	
384	50	
237	1899	
482	477	
238	38	
2663	121	
992	1009	
240	810	
3352	711	
2418	3537	
453	1656	
243	1879	
1896	465	
565	2072	
245	2714	
2056	2029	
2099	1614	
247	999	
3283	495	
2219	2492	
2748	109	
1648	449	
250	229	
284	3302	
1894	421	
2954	1996	
302	3404	
2762	1884	
254	934	
255	2885	
491	255	
256	1892	
3590	127	
503	521	
833	3	
259	3458	
3831	1071	
3428	12	
648	3600	
2390	3057	
2064	65	
1566	44	
2102	3091	
1626	112	
3002	1067	
1227	3001	
535	532	
1059	125	
3286	267	
1718	1073	
659	1036	
2125	1089	
270	1068	
280	1096	
519	531	
2008	121	
273	1858	
272	525	
1245	1303	
596	1568	
615	787	
1846	118	
2400	3852	
276	571	
1406	54	
3668	1218	
2600	573	
280	658	
281	14	
280	523	
680	3900	
3517	563	
1253	2249	
284	251	
285	137	
679	601	
626	2301	
287	567	
567	189	
288	3962	
289	1267	
288	575	
290	2620	
3244	1094	
3022	545	
2240	3556	
293	138	
3014	3557	
294	3028	
349	2527	
294	543	
296	1230	
3666	2342	
296	2377	
1466	2806	
299	161	
643	609	
1090	60	
1556	1493	
604	2369	
1171	3908	
538	150	
610	1353	
304	298	
1510	147	
2803	2413	
2750	1134	
1644	136	
607	551	
642	160	
1348	32	
2544	309	
2234	3778	
722	1220	
2396	2985	
3744	781	
3007	1163	
3042	2619	
2718	1168	
2352	3632	
2542	3633	
472	2800	
675	157	
1537	1223	
318	3217	
3627	163	
641	589	
425	20	
1394	176	
320	633	
2284	5	
2244	2113	
717	3269	
980	207	
1442	149	
324	739	
1863	81	
327	155	
1183	1517	
328	311	
3838	1403	
672	329	
330	275	
331	597	
867	1367	
3237	1152	
2982	3444	
638	809	
2498	2470	
414	2318	
3679	655	
748	101	
782	1753	
1496	645	
3784	306	
339	162	
603	3571	
340	1265	
341	2143	
2137	1484	
342	2576	
544	31	
712	343	
2906	1464	
1498	145	
1324	1393	
346	1688	
381	193	
346	3451	
348	710	
1151	1505	
2616	663	
697	13	
900	2932	
350	227	
652	72	
1487	184	
3866	353	
431	7	
1746	182	
1162	3773	
356	2488	
3903	775	
1525	357	
358	949	
359	613	
2865	3967	
1284	574	
2059	165	
360	715	
1784	154	
2412	827	
1719	784	
3685	309	
365	1659	
3716	3125	
366	325	
2735	79	
1586	749	
2915	1271	
2270	16	
616	1399	
370	2602	
1550	145	
628	743	
2208	175	
914	85	
901	727	
892	1818	
2300	793	
1811	1445	
388	198	
377	1647	
1255	52	
1142	2848	
379	211	
665	2151	
1562	2992	
1453	1618	
380	761	
1054	200	
2420	2385	
2478	709	
984	2182	
1354	1643	
1711	745	
1046	59	
844	2889	
2889	1615	
388	1532	
2210	1873	
2210	3566	
3182	279	
1424	1827	
1620	1585	
1304	1298	
2021	3971	
685	3759	
392	1304	
395	332	
771	395	
606	1692	
1952	3661	
3276	2469	
1852	1744	
399	733	
398	2177	
913	374	
1938	222	
720	401	
1224	1528	
403	3771	
1087	403	
1214	1796	
961	102	
889	817	
1869	13	
908	3470	
2023	729	
3494	403	
2464	1808	
408	931	
668	1350	
483	3709	
829	795	
3714	41	
807	2519	
807	413	
414	1850	
859	1674	
414	783	
1863	326	
417	859	
1495	859	
418	3388	
2252	3096	
3754	839	
490	1436	
421	1635	
657	1894	
1705	2416	
2734	2623	
800	1969	
3934	422	
734	1697	
3706	2591	
426	691	
978	823	
2916	2275	
2356	31	
1441	213	
2311	429	
430	3092	
3230	847	
904	431	
432	810	
1370	2778	
1408	957	
434	2716	
435	2829	
1750	435	
1075	2909	
572	197	
2904	803	
484	98	
439	385	
836	2911	
440	2212	
1724	209	
877	919	
442	1598	
2737	1411	
971	443	
1459	1329	
3178	220	
776	835	
916	1740	
447	1321	
972	3921	
448	231	
449	249	
3952	1835	
2666	445	
1198	941	
450	451	
2034	70	
3850	2606	
804	929	
454	315	
455	159	
767	2203	
664	210	
937	1845	
456	3465	
1347	355	
946	37	
740	2231	
882	708	
2894	811	
945	2599	
462	427	
463	88	
870	1683	
464	362	
465	243	
3851	977	
2432	248	
944	1	
2190	925	
468	2014	
469	3242	
468	883	
1023	19	
2995	1596	
857	963	
472	3616	
696	1777	
915	2403	
719	21	
3914	1836	
983	861	
2205	1960	
1576	237	
476	923	
1118	1412	
1478	2075	
840	2523	
480	148	
481	206	
2002	2043	
1886	236	
1681	1857	
482	875	
484	438	
1742	1020	
955	2111	
486	1789	
487	239	
1881	993	
2000	116	
1825	989	
1999	2613	
490	420	
2070	3359	
1436	935	
3391	42	
2004	3774	
907	991	
494	1907	
3534	3325	
2967	495	
1469	401	
651	324	
496	497	
498	2332	
3598	99	
3553	939	
1790	204	
501	80	
3466	3547	
502	126	
503	2115	
965	503	
3158	108	
3380	225	
2508	1021	
506	493	
988	117	
975	1025	
3248	2033	
2039	239	
508	509	
3873	495	
950	2795	
510	1045	
512	152	
3700	261	
512	1031	
1788	14	
515	1089	
1014	515	
516	3349	
517	253	
1050	1013	
894	56	
2120	270	
1060	1069	
1099	3301	
2935	257	
520	1065	
522	222	
1448	2096	
522	1823	
1033	5	
2798	273	
3249	1029	
526	258	
527	2240	
3905	3165	
2025	491	
3342	344	
1116	1063	
530	1057	
531	271	
530	1097	
2122	244	
1170	3287	
1105	3425	
3809	264	
535	266	
1066	1041	
536	1088	
2076	269	
1991	1516	
1297	303	
539	272	
538	1297	
558	262	
3782	131	
1113	1081	
2948	163	
3029	3811	
1225	543	
1571	2256	
620	2998	
1175	1095	
546	3644	
3540	2561	
546	1047	
548	2046	
808	2224	
3130	1203	
3538	86	
3018	2484	
550	3319	
552	2452	
2108	3700	
1141	553	
554	2228	
555	253	
1107	3795	
556	146	
1191	1494	
556	2127	
2265	2632	
2712	108	
1074	1978	
560	133	
585	3796	
1186	3797	
562	43	
3441	133	
1155	1129	
2216	2016	
565	265	
2810	565	
566	2272	
3068	286	
566	1103	
568	1236	
2126	1863	
1157	1085	
3021	409	
1474	277	
1119	1115	
572	3378	
3861	279	
572	2937	
2920	188	
592	289	
3139	575	
576	3299	
1120	283	
1252	577	
2588	3436	
713	169	
3437	1261	
580	3190	
3385	340	
3191	581	
582	557	
1137	75	
1191	583	
723	2918	
585	2344	
584	1231	
586	1542	
786	2924	
3522	1475	
588	1335	
589	1145	
588	3011	
774	2742	
674	314	
1272	1169	
3265	575	
2752	3204	
1363	2449	
2398	350	
2278	879	
1338	95	
596	275	
597	143	
1366	1291	
598	1522	
2188	304	
2274	599	
600	11	
2441	285	
1235	601	
602	90	
772	3736	
1188	1417	
2424	300	
1358	61	
1091	1211	
3728	396	
2262	306	
1382	3871	
1310	9	
3620	2629	
1193	609	
762	302	
1051	2347	
3909	1213	
3912	3944	
1812	109	
1269	613	
888	39	
3194	274	
1078	615	
616	368	
1259	171	
3073	1111	
3894	116	
619	355	
1125	619	
620	545	
3982	145	
3023	1551	
3226	550	
676	3636	
622	1529	
624	2302	
3950	94	
624	1077	
626	2474	
627	574	
286	2348	
3052	370	
3152	15	
1514	1387	
2930	93	
1143	2808	
1143	631	
632	47	
1590	321	
1101	633	
1167	336	
654	179	
634	635	
2623	891	
1625	2445	
444	3397	
3724	3211	
639	2199	
1153	639	
1957	3326	
2408	1545	
1250	641	
1156	308	
2830	298	
1274	643	
644	53	
645	1241	
1377	645	
646	82	
1237	1539	
3048	647	
648	261	
1861	313	
648	1307	
650	1178	
1939	497	
1178	1631	
652	352	
1426	356	
652	3925	
654	2569	
655	1300	
1165	1173	
962	250	
868	2866	
1479	1437	
658	271	
1988	269	
1449	1204	
2088	3344	
661	2643	
3910	3982	
794	115	
1454	3039	
1093	663	
1729	456	
1292	378	
3084	665	
666	158	
667	1219	
3860	3689	
3280	410	
2721	3887	
1428	3347	
670	599	
1182	146	
1336	2189	
2674	1440	
1900	1379	
672	673	
3974	1418	
3843	317	
2682	1313	
676	623	
1423	48	
3082	3801	
1910	136	
3218	284	
2787	1317	
680	282	
681	2801	
680	3289	
2849	2404	
683	2531	
1270	724	
1660	4	
685	2668	
684	2689	
686	1360	
3837	494	
686	1661	
688	433	
1409	1414	
1409	689	
690	2274	
691	2439	
3964	1727	
692	375	
1389	3163	
1389	1008	
335	1400	
695	1164	
1300	1381	
1256	473	
1780	1257	
696	1369	
698	1546	
736	2455	
2846	699	
1326	134	
701	344	
700	3343	
718	3316	
703	2373	
1533	199	
704	604	
1972	3147	
1492	1331	
1012	2784	
2254	2912	
1229	3897	
708	22	
709	383	
1662	709	
744	107	
711	2378	
1371	1455	
764	342	
713	579	
1501	1485	
2988	181	
715	1411	
181	361	
716	114	
1139	322	
3030	717	
718	3702	
3622	3172	
1872	1295	
892	400	
721	104	
720	1247	
722	3642	
1287	3335	
722	2809	
724	3434	
725	3697	
1398	16	
3980	2940	
727	2655	
1609	727	
728	226	
3123	407	
987	1373	
730	293	
2676	99	
3783	1365	
2030	3098	
3614	232	
2176	733	
734	425	
3498	177	
2656	2639	
2755	699	
737	1281	
2144	3135	
738	53	
1179	325	
1775	1793	
740	458	
741	2185	
1375	1451	
2101	2706	
2490	2361	
742	1557	
3942	3879	
2827	3133	
1642	745	
746	2461	
1016	246	
2888	1627	
748	1167	
749	1249	
1443	749	
3382	133	
3168	3422	
1519	2939	
752	260	
753	1689	
2388	753	
3136	619	
2774	183	
754	1333	
2758	382	
1268	201	
3671	1731	
758	310	
2304	1441	
3779	1277	
760	2579	
3624	2974	
1343	3423	
3821	3672	
1432	452	
762	763	
764	2690	
765	92	
1570	2711	
3875	158	
767	2290	
2983	1651	
1397	142	
3712	1410	
1397	769	
3528	1700	
832	1304	
3236	1305	
772	603	
773	3055	
1320	1799	
774	2962	
2850	3058	
774	3225	
776	636	
777	1888	
1459	2595	
778	647	
3828	2206	
3581	1349	
3293	755	
3744	2775	
1860	3744	
782	337	
899	1675	
1601	783	
1719	1749	
1088	155	
784	785	
1530	587	
2768	275	
3195	1569	
1616	1552	
1929	110	
1208	1579	
3930	399	
791	40	
790	1555	
792	374	
793	714	
1708	793	
794	3234	
2442	2533	
1535	795	
796	1806	
797	3419	
2430	797	
3548	3076	
799	3802	
3077	3395	
3086	422	
1166	2314	
3935	2315	
2180	44	
803	1489	
1567	803	
3762	1593	
1005	2298	
804	805	
806	2	
807	2729	
3769	413	
808	2857	
2893	333	
1583	809	
2222	460	
902	2380	
240	1483	
812	1920	
813	367	
812	1587	
918	161	
815	3685	
1573	815	
1527	816	
817	2003	
816	817	
818	8	
1372	195	
3519	1751	
820	1208	
821	1553	
1696	821	
1044	426	
823	191	
1736	823	
3074	137	
825	397	
1840	825	
1490	362	
827	1523	
1748	2739	
2920	627	
1640	1351	
1351	829	
3150	396	
3222	3141	
1824	831	
2670	2258	
833	3544	
832	1665	
1968	1509	
835	851	
834	1509	
836	3561	
3596	2724	
3818	2255	
1201	613	
839	419	
3691	3097	
3746	2308	
3730	251	
1413	841	
3221	248	
852	448	
2433	1801	
2460	386	
845	2186	
387	1615	
2874	3420	
847	1653	
3187	847	
848	3246	
849	385	
1669	849	
850	451	
1757	221	
1623	445	
3952	843	
853	2	
3472	2969	
1215	442	
1766	164	
854	1215	
856	578	
857	470	
1666	1893	
2820	82	
417	415	
1862	417	
860	221	
861	475	
860	3167	
862	132	
2684	210	
1919	1707	
2083	514	
865	2012	
864	865	
866	3192	
867	1779	
3804	3815	
868	2514	
1234	3550	
1634	1439	
2266	462	
3507	3565	
1471	1725	
3245	629	
884	2330	
1901	1761	
1216	1899	
985	2883	
2505	2723	
3157	88	
2978	440	
3430	1781	
878	3758	
879	2547	
3970	3529	
1841	3606	
881	3733	
1747	3893	
2597	460	
3710	2141	
3393	883	
884	873	
885	177	
884	1637	
2604	3765	
887	49	
3189	1883	
1854	1302	
1526	404	
3648	1797	
890	78	
2623	377	
1625	637	
400	720	
1822	74	
400	1987	
894	518	
416	81	
1495	1752	
1864	418	
2936	167	
1671	1843	
3126	369	
899	783	
1770	1851	
900	351	
1603	2869	
1654	1603	
902	811	
903	2435	
1903	903	
1994	430	
905	135	
1561	1581	
906	3699	
3386	492	
1814	1773	
908	1728	
909	1685	
3500	2201	
910	2102	
911	23	
1945	1871	
1832	1810	
1604	892	
912	1819	
3004	1848	
2040	3106	
914	915	
916	3876	
2178	466	
1830	2493	
2825	814	
3767	441	
918	3017	
920	1617	
921	3251	
920	1905	
922	1138	
3101	477	
3415	29	
924	3291	
925	2421	
1649	1769	
3656	2353	
3938	455	
1739	1699	
3846	1046	
2035	1734	
928	1657	
930	143	
1882	409	
1521	931	
932	2276	
933	464	
932	1491	
3594	1912	
947	2525	
1913	935	
936	3676	
1844	2134	
2450	457	
1020	245	
939	139	
1743	2573	
1928	220	
3508	2287	
1794	941	
942	492	
3257	173	
1993	1915	
944	2645	
1482	1909	
2726	2599	
946	459	
947	3375	
1950	1805	
948	2864	
949	1979	
948	949	
950	511	
951	2094	
1791	1985	
952	761	
3034	2566	
2037	1891	
954	124	
955	2835	
2986	1565	
956	3589	
2472	433	
2947	957	
2242	3448	
998	494	
1906	959	
960	1820	
1817	2003	
1921	961	
962	3844	
963	471	
2011	1597	
2294	934	
1980	1717	
1782	965	
966	840	
982	586	
2074	3629	
3520	32	
2791	406	
968	2649	
970	104	
3432	442	
970	2058	
972	3574	
973	2746	
1741	1787	
3526	35	
2832	2139	
3272	3197	
976	120	
977	1896	
1785	977	
2422	462	
979	879	
1682	979	
1630	497	
1246	223	
1955	981	
982	967	
983	474	
1948	2079	
985	1932	
3171	2505	
984	1937	
3617	1927	
987	30	
3568	2529	
2288	2980	
989	3692	
988	1853	
2968	41	
991	493	
990	2897	
992	238	
993	487	
2013	1971	
2928	1746	
1942	3895	
1953	995	
996	0	
997	2364	
1887	3899	
2812	3872	
3113	3961	
1874	1965	
1829	3110	
2110	225	
1000	1463	
1002	225	
2987	485	
2944	1975	
2316	508	
1005	1735	
1004	2251	
1820	480	
2792	1303	
2042	2119	
1008	180	
1009	509	
1833	1009	
1010	1614	
2876	932	
2876	2095	
1012	706	
3372	2382	
1012	2763	
1072	514	
1015	269	
1014	2077	
3807	2537	
1017	3263	
2466	1983	
1018	74	
1019	1083	
1018	2097	
3489	938	
1055	505	
1020	3955	
3751	965	
3274	470	
2114	1023	
1800	2896	
3273	507	
2005	2031	
2053	140	
1939	651	
1027	2053	
1028	3651	
2951	2048	
273	1029	
1030	3241	
2559	513	
1973	1031	
2951	1032	
1033	524	
2316	2105	
2494	24	
1070	527	
2241	2069	
1036	1990	
1037	1989	
1036	1037	
1038	548	
1039	258	
3612	2107	
1040	45	
2705	2964	
2165	1041	
1042	265	
2458	498	
2073	2057	
1044	822	
1045	511	
3535	1045	
1922	2460	
1058	2168	
2900	1977	
2101	742	
2391	1031	
1048	1049	
1050	516	
71	2091	
2131	3373	
1226	3184	
1364	2970	
2017	2081	
3670	382	
1055	2065	
3880	2161	
1056	519	
17	2121	
1056	1057	
2560	1047	
2429	267	
3177	267	
2061	518	
1205	2147	
1060	1061	
1064	2268	
1063	3345	
2071	2089	
2163	1062	
2221	521	
1064	2163	
3060	534	
1067	3484	
1066	2123	
1240	33	
2146	519	
2167	1069	
2027	1035	
1071	259	
1070	3459	
1072	2077	
1073	154	
1072	2085	
3812	558	
1075	3554	
2633	910	
2129	85	
1222	625	
1076	1077	
1302	3118	
1079	330	
1078	3649	
2908	263	
1081	541	
2103	2627	
1082	140	
1083	523	
1082	1083	
1084	82	
1085	569	
1084	1085	
1087	3764	
3770	3979	
1086	1087	
1511	785	
1089	537	
1088	2125	
1187	297	
3416	604	
2006	2425	
2476	50	
1504	662	
1092	663	
1094	15	
1095	545	
1094	2999	
1096	140	
1097	531	
1096	1097	
2220	256	
1099	1065	
1098	1065	
1380	100	
2350	632	
2297	1238	
2170	105	
1217	2171	
2113	1103	
3252	3442	
1105	3883	
1104	1105	
1106	26	
1107	554	
1106	2157	
1108	2174	
2922	620	
3412	1109	
1110	2693	
1111	170	
1110	2135	
2572	99	
1113	540	
2677	1113	
1115	129	
2679	3853	
1114	1115	
2760	2884	
1117	68	
1116	2907	
1118	2678	
1119	570	
1118	2703	
1120	577	
1121	560	
2376	1121	
3176	3424	
1123	533	
1122	1123	
3400	35	
2133	1346	
2411	3868	
1126	692	
1127	1102	
1126	1127	
1128	381	
1129	563	
2651	3383	
2136	168	
1264	580	
1130	2621	
1132	2129	
3005	373	
2129	1133	
1798	3046	
1135	607	
1134	3785	
56	1494	
1137	583	
2060	583	
2066	5	
2481	717	
3414	1139	
1140	260	
2436	552	
3056	2453	
1142	378	
3128	630	
1142	2931	
2526	2152	
1251	319	
2153	1145	
1146	1297	
1147	151	
2104	1147	
1148	3188	
1233	551	
1148	2485	
1150	542	
1151	349	
1144	1505	
1345	175	
1588	638	
2209	1153	
3572	282	
1155	562	
2248	1155	
1156	642	
1157	2545	
308	1157	
1159	1141	
2540	135	
1158	1159	
1160	3858	
1161	3683	
1160	2933	
2132	354	
1163	755	
1162	3479	
1164	334	
1165	654	
1164	1165	
1166	801	
336	1496	
1166	1167	
1168	2859	
1169	591	
1168	3975	
1170	554	
1262	302	
1170	3405	
1600	1497	
1173	655	
1172	1173	
1174	2136	
3864	544	
1174	2257	
1176	3072	
2293	1399	
1176	1177	
1920	148	
1179	739	
1178	1179	
1180	2771	
1181	601	
1180	1181	
1182	671	
1183	582	
1182	2173	
1184	262	
1185	1978	
3813	1185	
3328	1121	
1187	1090	
1186	1187	
1188	602	
1189	1251	
1188	3681	
1190	2126	
1191	582	
2126	557	
2844	304	
1193	608	
2831	1193	
1194	2214	
1195	576	
1194	1195	
1196	27	
1266	10	
1196	1197	
1198	3037	
3009	3509	
1198	1199	
1200	249	
1865	2749	
2539	1201	
1202	2593	
1203	549	
1202	2225	
1204	658	
1061	141	
659	1205	
1356	2628	
3261	3741	
1206	1207	
1208	788	
3087	2534	
2417	1209	
3202	153	
3461	3839	
1210	1211	
1212	1147	
1213	611	
1212	2359	
1214	404	
1766	2510	
1214	2697	
2504	1856	
1217	1103	
1216	2273	
3183	167	
1319	573	
1218	3183	
1221	1286	
2397	311	
2808	1221	
3657	1076	
1223	317	
2303	1223	
1224	402	
1225	1150	
3079	2261	
1226	3638	
1227	2243	
1226	1227	
1228	438	
1229	706	
1228	2785	
1230	132	
2853	585	
2557	2345	
1416	306	
1233	1149	
2263	3227	
1234	869	
2770	600	
3219	3213	
1236	309	
1237	1258	
1236	3735	
1238	1101	
1293	83	
2322	1239	
1240	1068	
1241	337	
1240	337	
1242	3216	
1243	318	
1242	3295	
2414	702	
3045	2211	
1244	2414	
1246	1917	
1605	721	
1246	1247	
1248	101	
1249	367	
1248	1249	
3586	640	
2949	3365	
3327	319	
1252	1195	
1253	282	
3516	3901	
1254	3791	
3397	637	
52	891	
1256	696	
1257	350	
3584	1257	
1258	646	
1259	617	
2821	2159	
2142	1131	
1261	1199	
1260	1261	
1262	1171	
1263	1353	
3820	1263	
1264	3384	
2589	19	
1264	3753	
1266	1197	
1267	142	
3264	2659	
3966	757	
2538	3945	
1268	1269	
1270	682	
1271	2292	
2150	1271	
2858	590	
1273	454	
2743	2543	
1446	3260	
1275	1207	
1274	3621	
1276	311	
2304	759	
1276	1277	
2374	598	
1470	427	
2275	1279	
2976	3646	
1772	2233	
1280	737	
1282	676	
1520	3083	
1282	1283	
1690	715	
1285	3503	
2149	1285	
1286	96	
1287	723	
1286	1287	
1288	66	
1289	881	
1288	1289	
1290	63	
3040	2497	
63	1291	
1292	682	
2351	1239	
2530	2235	
1294	198	
1295	21	
1294	3173	
1296	1352	
538	2048	
3024	3673	
2370	1930	
1299	1460	
1298	2669	
1301	694	
1301	2319	
2990	1301	
1302	1078	
1303	1244	
614	274	
394	392	
1305	771	
2635	2671	
1306	905	
1327	649	
2541	1307	
2041	30	
1309	3519	
3026	1309	
2325	1192	
3453	599	
1310	2845	
3313	43	
1313	3403	
3035	1313	
1314	398	
3220	732	
1314	1315	
1895	841	
1645	3731	
2695	1317	
1318	23	
1319	1219	
2517	3379	
1320	772	
1321	162	
3570	1321	
3206	127	
1323	621	
1322	3891	
1324	701	
1325	69	
1324	2503	
2618	1465	
1327	1307	
134	3701	
1328	2444	
1458	1624	
1458	1329	
1330	346	
1331	705	
2343	1492	
1374	1347	
3478	755	
1332	1333	
1334	1243	
1335	3353	
2409	588	
1336	670	
1337	147	
1336	1337	
3156	1160	
3760	88	
2660	1339	
1340	166	
1341	666	
3874	1341	
2454	3686	
1343	1613	
1342	1343	
1344	770	
1345	1152	
2155	1345	
1346	618	
3368	458	
3869	2929	
3521	3734	
1658	779	
3049	2207	
1350	27	
3362	410	
2427	3281	
1352	763	
2700	303	
150	610	
1354	439	
1355	837	
1354	2725	
2863	3016	
1357	3431	
1356	2863	
1358	605	
1359	2919	
1358	1359	
2068	292	
3015	138	
3836	1361	
1362	48	
1363	3963	
2247	1363	
1364	3311	
1365	731	
1364	3599	
2886	596	
1367	331	
2521	3041	
1540	226	
1369	697	
2873	3155	
1370	2972	
1455	710	
1370	3943	
1372	819	
1541	729	
3969	1373	
3137	1332	
3496	740	
2756	3369	
1376	149	
1377	644	
1376	1377	
1378	329	
1379	212	
3718	3203	
1381	1100	
100	695	
1380	3678	
1382	606	
1383	307	
1382	3019	
1384	3805	
1385	593	
1384	3205	
1386	291	
1387	629	
2491	1387	
1388	322	
2244	692	
3031	693	
3174	844	
1391	2164	
1390	1391	
1392	660	
1393	345	
1392	3337	
1395	2323	
1394	1277	
1394	1395	
1396	164	
1397	768	
2511	3665	
1398	683	
1399	2782	
3435	3127	
3356	1398	
1401	632	
3696	1401	
3306	328	
1403	61	
2675	1403	
1404	194	
1405	681	
1404	3573	
1406	278	
1407	2601	
1406	1407	
1408	3536	
1409	688	
1408	2473	
1767	443	
2989	2148	
361	1411	
1412	49	
2482	840	
3932	2309	
1414	241	
2598	811	
2419	2381	
1416	1232	
1417	603	
1416	3737	
1418	591	
1419	2683	
1418	1419	
3138	3346	
1421	669	
1420	1421	
2720	294	
1423	677	
1422	1423	
1424	391	
3563	775	
1424	1425	
1426	653	
1427	2963	
1426	1427	
1428	3928	
1429	295	
1428	1429	
1430	1622	
1431	3790	
1430	1431	
2457	125	
1433	2614	
452	1433	
1434	849	
1435	707	
1434	2913	
3640	126	
1437	2867	
3377	1437	
1438	37	
1439	869	
1438	3551	
1440	3694	
1947	429	
1440	2283	
1792	366	
1443	748	
1442	1443	
1444	792	
1445	375	
1444	1445	
1446	1274	
1447	146	
1446	1447	
1448	523	
659	1204	
1448	1449	
1450	3497	
1451	741	
1450	1451	
1452	750	
1453	3889	
2938	1453	
1454	1093	
1371	91	
1454	2379	
2930	630	
1457	665	
2555	1457	
3254	198	
1328	1722	
1328	1459	
1461	190	
3064	685	
1460	1461	
3954	505	
2335	1001	
2018	1463	
1464	67	
3321	701	
3745	700	
1466	298	
1467	671	
1466	1467	
1468	893	
1469	1954	
1468	401	
1470	1737	
1471	870	
2324	1471	
1472	666	
1473	809	
2957	3445	
1474	571	
1475	2925	
3215	1475	
1476	822	
1477	190	
1476	1477	
1478	3468	
1479	3949	
1478	1479	
1480	698	
1481	2455	
1480	1481	
1909	945	
1483	1415	
1909	3739	
2486	168	
341	169	
1484	2817	
2144	2847	
1487	430	
1486	2755	
1670	196	
1870	2653	
2891	1489	
1490	826	
1897	933	
3371	1491	
1492	704	
1493	152	
2368	1493	
1494	326	
895	1495	
326	895	
1496	634	
1497	1241	
634	179	
3911	345	
1499	743	
2197	1499	
1500	2816	
1501	2577	
2192	1501	
1502	716	
1503	323	
3163	1503	
3229	1093	
1505	295	
3038	2841	
1506	876	
1507	1357	
1506	1507	
2622	2667	
1508	2734	
1508	1431	
1510	363	
1511	155	
363	785	
1512	766	
1589	455	
1651	3939	
1514	628	
1515	212	
2603	1515	
1516	1137	
2173	327	
536	1183	
1518	1330	
1519	3323	
3450	1519	
1520	1283	
1521	930	
3495	2753	
1726	3477	
1523	305	
1522	1523	
2145	3722	
3562	653	
1524	1525	
3266	889	
103	816	
1526	103	
1528	3539	
1529	623	
1528	3637	
1530	389	
1530	1531	
786	1531	
1532	2926	
2372	702	
1532	199	
1534	410	
3708	794	
3363	1535	
1536	1154	
1537	681	
3654	1537	
3148	814	
1539	1348	
25	364	
1540	2953	
1541	1373	
1540	3455	
2078	719	
1543	587	
1542	3523	
2731	640	
1545	3609	
3587	1545	
1546	192	
1547	185	
1546	3867	
1548	1396	
1549	3205	
1548	1549	
1550	2923	
1551	3983	
1550	1551	
2416	820	
2471	334	
3559	2195	
1554	3931	
1745	3047	
1554	1555	
1556	370	
3053	1499	
1556	2707	
1558	50	
1559	744	
2337	1559	
3105	353	
3956	3093	
2732	1561	
1562	3924	
1563	653	
1562	2489	
1564	1228	
1565	2111	
2447	1565	
2709	1075	
1567	2321	
3555	1567	
1568	129	
1569	787	
2401	1569	
1606	764	
1571	544	
1606	2357	
1572	1156	
1573	814	
3309	1573	
1574	826	
3476	80	
1574	2687	
2878	2722	
1856	874	
2723	875	
2710	3707	
2773	1904	
1607	788	
1580	3957	
1581	905	
1580	3409	
1673	332	
1583	2956	
1582	1583	
2580	167	
1585	797	
1584	2431	
1586	366	
1587	813	
1586	1587	
1588	2209	
1589	1513	
2198	1589	
1590	633	
1755	735	
1590	1591	
1592	1296	
1593	452	
1592	2615	
1594	664	
3238	3085	
2339	1595	
1596	2625	
3051	963	
1949	2011	
1598	103	
1599	971	
1598	2058	
1600	1172	
1601	782	
1600	1601	
2154	174	
3682	3958	
3927	1654	
1604	913	
1605	1247	
1604	1605	
1606	1570	
1607	342	
1570	1578	
1608	3959	
2128	726	
1608	1609	
1610	382	
1611	22	
1610	2781	
1612	73	
1613	1689	
1612	2389	
2086	2239	
3847	845	
2877	387	
1616	2788	
1617	3438	
424	1705	
1618	347	
1619	761	
1618	2975	
1620	390	
1759	799	
1585	3803	
1622	450	
1623	2327	
1622	3407	
1624	376	
1646	3817	
3411	1625	
1627	264	
1626	747	
1626	1627	
1628	2479	
2387	3823	
1628	1629	
1630	980	
1631	651	
1630	1631	
1632	131	
3310	730	
1632	1633	
2836	868	
3200	251	
2515	1635	
1636	92	
1946	885	
3199	3499	
3099	1315	
1694	248	
1638	1639	
1640	2501	
1641	2443	
829	1641	
1642	1559	
1643	2044	
3132	1643	
1644	307	
1645	1317	
2440	1645	
1646	637	
1647	367	
3396	1647	
1686	466	
1649	924	
2179	1769	
84	1273	
1651	2203	
3549	2291	
2138	230	
1653	3527	
2745	1653	
1654	900	
1655	373	
901	3481	
2087	205	
2035	2034	
453	1657	
1658	3581	
2134	2665	
3717	2451	
1660	2463	
1661	687	
1660	2681	
1662	2759	
1663	2385	
3160	1663	
1930	64	
1672	833	
1664	3545	
1666	2839	
3166	3577	
1893	1667	
1668	0	
1710	848	
2307	1669	
1670	1488	
1671	896	
3062	3389	
1672	1665	
3725	1582	
2764	1673	
1753	1674	
1675	415	
1674	899	
1676	1902	
1677	944	
2552	1677	
1678	1102	
1679	2148	
3069	1679	
3235	1535	
1681	483	
1680	1857	
2020	3854	
2226	463	
1682	1683	
1684	2200	
1685	664	
1684	2685	
1686	1648	
1687	842	
2902	1801	
1688	3147	
3422	347	
1688	3169	
1690	1284	
1691	768	
2367	1691	
1692	40	
1693	1824	
3826	3729	
1694	1639	
1695	3789	
1694	1695	
3558	2590	
1697	2499	
1696	1697	
1698	726	
1699	927	
3951	1699	
1700	3360	
1701	208	
3360	2279	
1702	440	
2979	918	
1702	3149	
1704	3593	
2789	801	
1704	800	
3129	96	
2637	863	
3103	1707	
1708	1444	
1709	104	
1708	1709	
1710	2826	
2336	2183	
1710	1711	
1712	878	
1713	393	
1712	1713	
1714	1800	
1959	3775	
1714	1715	
1716	964	
3595	502	
3750	1980	
1718	268	
1719	362	
1073	784	
1720	2774	
1721	68	
1720	3095	
1722	2507	
3848	221	
1722	1723	
2862	441	
1725	871	
2227	1725	
1726	2738	
1727	691	
2375	1727	
1728	407	
2338	909	
3464	3501	
1730	200	
1731	1629	
1730	1731	
1732	2468	
1733	824	
1732	1733	
1896	453	
1735	805	
1734	2299	
3976	822	
1737	1279	
2917	2423	
1738	315	
1739	926	
2202	1739	
1740	232	
3658	972	
1740	3575	
1974	498	
1934	938	
2459	1743	
1744	215	
1745	1555	
1744	2647	
1746	458	
1747	880	
2230	3607	
1748	2687	
1749	1510	
1748	1749	
1918	434	
1751	819	
1750	2673	
1752	894	
203	1753	
1752	203	
1754	20	
2855	1591	
3946	2657	
1756	228	
1757	851	
2327	3333	
1759	3940	
1758	1621	
1758	1759	
1760	31	
1761	873	
1760	2331	
1762	936	
1763	211	
3120	3239	
1764	2474	
2500	188	
1764	2349	
1766	1215	
1767	1410	
769	3713	
1768	383	
1769	925	
1768	1649	
1770	898	
1877	415	
2783	1771	
2875	1281	
1773	2575	
1772	1773	
2052	324	
1793	738	
1774	1775	
1776	986	
2872	3569	
2402	1777	
2697	1778	
2520	2767	
1778	62	
1780	3635	
1781	877	
1780	2213	
1782	964	
2162	521	
1782	1783	
1784	464	
1878	976	
1784	1785	
3799	447	
3615	973	
1786	2747	
2083	864	
1789	74	
1788	1789	
1790	1614	
2610	950	
2467	1791	
1792	1442	
1775	739	
1792	1793	
1928	940	
1795	451	
3179	1795	
1796	62	
1797	889	
1796	3267	
1798	1134	
1799	773	
2751	1799	
3426	1024	
1801	843	
231	3953	
1802	246	
1803	3449	
2966	1803	
2837	3271	
1805	947	
1804	1805	
1806	76	
1807	2253	
1806	1807	
1808	1290	
1809	931	
3013	1809	
1810	180	
1811	374	
1810	1811	
1812	838	
1813	2	
1812	3279	
1814	906	
1815	493	
1814	3743	
1816	1916	
1817	961	
1816	1817	
1818	38	
1819	913	
1818	1819	
1820	1006	
1821	813	
480	1821	
1822	893	
1823	1019	
1822	1823	
1824	830	
1825	489	
3140	1825	
3768	796	
1827	173	
1826	1827	
2780	708	
1829	3243	
2329	1829	
1830	916	
1831	467	
1830	2191	
912	238	
2032	1388	
1832	1833	
3278	853	
1835	2777	
1834	1835	
1836	471	
1889	3582	
1836	3583	
1838	41	
1839	853	
1838	3675	
1840	824	
1841	880	
3660	3857	
1842	76	
1843	897	
1842	2581	
1844	1762	
2022	97	
1845	457	
3214	276	
1847	967	
1846	2074	
1848	3070	
1849	473	
1848	1849	
1850	2271	
1851	1675	
1850	1770	
1852	398	
2612	989	
3233	3693	
1854	1797	
1855	405	
1854	1855	
1856	2882	
1857	3285	
874	1681	
1858	1028	
1898	922	
29	923	
1860	3006	
2587	649	
1860	3043	
1862	895	
1876	858	
81	1862	
1864	3690	
1865	2819	
1864	2749	
3674	806	
3390	2563	
1866	1867	
1868	1538	
1869	3154	
2648	1869	
2653	1489	
1945	911	
2905	3907	
1872	718	
3703	128	
1872	3619	
2812	998	
1874	510	
510	3262	
1876	416	
1877	1771	
1876	1877	
1878	1785	
1879	239	
1878	1879	
1880	120	
1881	865	
1880	1881	
1882	2605	
3486	887	
1882	1883	
1884	555	
1997	1013	
1884	2383	
3170	482	
1961	996	
1886	1887	
1888	474	
18	3849	
18	1889	
1890	193	
1891	953	
1890	2567	
1892	1265	
3576	857	
19	3275	
1894	479	
1895	1316	
2483	3201	
465	2236	
1897	3749	
1011	1897	
1898	1859	
237	114	
1898	2551	
3719	673	
1901	872	
2310	2363	
1902	123	
1956	902	
123	1903	
1904	1209	
3439	921	
217	1905	
1906	3449	
3918	1361	
1906	2217	
1908	1	
1482	460	
2727	1482	
1910	678	
1911	1883	
1910	1911	
1912	126	
3358	934	
1912	2295	
1914	3903	
1915	2851	
1914	1915	
1916	1527	
1917	981	
1916	981	
1918	1750	
1919	862	
1918	2641	
1920	650	
1921	960	
148	1921	
1922	1046	
1923	3175	
1922	1923	
1924	2946	
2328	882	
1924	2223	
1926	316	
1927	915	
2281	1927	
1928	1794	
1929	789	
2286	2535	
64	1664	
2069	1034	
3164	2495	
1932	384	
1933	3228	
1932	3483	
1934	1743	
1935	3787	
1934	1935	
3100	3209	
1937	985	
1936	2182	
1938	1954	
2053	1026	
1938	1027	
2334	106	
1941	836	
1940	1941	
1999	995	
1943	1853	
1942	2981	
1944	130	
1871	436	
1080	1871	
1946	1637	
1947	1441	
3533	3841	
2584	982	
1949	475	
1948	1596	
3270	3304	
2184	255	
1950	2395	
1952	397	
3446	2823	
2996	1953	
1954	496	
1955	980	
496	1955	
2895	1903	
1957	640	
2434	1957	
1958	412	
1959	1715	
3387	1959	
2799	151	
1887	997	
476	2365	
1962	802	
1963	359	
3705	1963	
1965	2813	
1964	999	
2680	3324	
3588	2014	
1967	956	
1966	1967	
1969	921	
1968	423	
3366	1969	
1970	509	
1971	993	
1970	1971	
1972	705	
1973	1030	
3143	1973	
1974	1742	
1975	1003	
2715	2513	
2561	70	
2063	1047	
1976	2561	
1978	44	
2713	1730	
2181	1979	
1980	3080	
1981	2571	
1717	2010	
1982	3873	
1983	1017	
1982	1983	
1984	89	
1985	3631	
1984	1985	
1986	38	
1987	893	
1986	1987	
1988	1449	
1989	537	
1988	1037	
1990	75	
1991	537	
1990	1991	
1992	1867	
1993	42	
2518	1993	
1994	3186	
1995	846	
1994	3421	
3896	218	
1997	2955	
3145	1997	
1998	3447	
1999	1942	
1998	995	
2000	488	
2001	974	
2000	3401	
2002	960	
2003	405	
2002	405	
2004	506	
3776	1024	
2833	3427	
2007	300	
2006	605	
2006	2852	
3025	2250	
2009	1005	
121	2009	
2010	3050	
2624	962	
1981	3845	
2012	486	
2013	992	
2012	2013	
2014	106	
2015	3111	
468	2015	
2016	138	
2017	1052	
3662	3185	
3109	1462	
2065	1021	
1462	245	
2267	2546	
2021	1713	
2020	2021	
3829	937	
2952	969	
2022	2023	
3358	2524	
2025	528	
2024	2025	
2626	131	
2027	3831	
2741	1070	
2028	954	
2029	485	
3253	2029	
2030	732	
2031	1025	
3777	2289	
2032	1833	
2033	1033	
2032	2285	
3541	3763	
2035	2631	
2034	3972	
2036	55	
2037	2993	
2036	2719	
2038	2009	
2039	1970	
2038	2039	
2040	986	
2528	1308	
2528	2041	
2042	1006	
2043	2793	
2119	2043	
2044	219	
3597	957	
219	2045	
2046	3830	
2047	1039	
2046	3613	
2048	525	
2049	2105	
2317	2105	
2050	247	
3491	426	
2050	2051	
2052	1774	
1939	1027	
2052	1026	
2054	1066	
3639	265	
2054	3579	
2056	3399	
2057	1043	
2056	2333	
2058	1599	
2736	1767	
1599	2059	
2060	56	
2061	1060	
1136	2061	
2062	45	
2063	2699	
2062	2063	
2064	262	
2065	2019	
3115	1021	
2066	923	
2067	1029	
1028	524	
2068	1360	
1931	1035	
3653	2069	
3359	528	
2071	1062	
3359	2269	
2080	139	
3398	1067	
3552	3003	
2074	966	
3948	250	
2522	3885	
2076	1989	
2082	281	
2076	1014	
2078	2585	
2079	3623	
2078	2079	
2080	2072	
2081	1053	
2811	2971	
2082	2077	
864	1788	
2082	2083	
2084	120	
2124	1718	
2084	2085	
2086	1010	
3463	1656	
242	205	
2088	660	
2089	1063	
3591	2089	
2090	3372	
2091	3355	
2090	2091	
2093	508	
2092	2067	
2092	2093	
2094	57	
2095	3748	
57	3466	
2096	1015	
2097	1019	
2096	2097	
2536	387	
2098	1016	
2098	2099	
3320	1326	
2101	1048	
1325	2943	
2102	2804	
2103	130	
263	3091	
2104	3542	
3315	2067	
1146	2049	
2106	549	
2107	1039	
3131	3605	
3601	553	
3863	3721	
2108	2109	
2110	1001	
2111	1003	
2110	2945	
2112	323	
2354	1102	
2245	2113	
2114	1022	
2115	256	
1023	2115	
2116	266	
2168	547	
2116	2117	
2118	78	
2119	2415	
2373	2042	
2120	1056	
2121	53	
2120	2121	
2122	532	
3578	1042	
2704	3485	
2124	2085	
2125	268	
2124	515	
1190	569	
2172	557	
1190	2127	
2941	1609	
2959	2861	
2654	1132	
2346	996	
2131	1050	
2130	2131	
3231	1162	
2133	1124	
3772	1125	
2134	3492	
2135	1177	
170	2665	
2136	1130	
3066	581	
2487	2137	
2138	3196	
2139	3515	
2138	2139	
2140	1054	
2141	505	
3525	469	
3008	1260	
3067	579	
3067	2143	
2144	1486	
2145	1524	
3134	3647	
2146	1069	
2147	271	
2146	2147	
2148	286	
3502	574	
360	2149	
2150	2405	
2151	379	
3296	2151	
2152	1335	
2153	542	
3010	3339	
2154	1602	
2155	3361	
2880	2155	
2156	124	
2341	1107	
2313	2229	
2158	1349	
2159	3125	
2158	2821	
2160	108	
3510	1055	
3881	2509	
2162	1783	
3207	520	
2565	2549	
2164	534	
2165	1040	
3061	2165	
2166	518	
2167	270	
2166	2167	
2168	2117	
2169	1433	
2428	2393	
2170	2301	
2355	189	
2355	2171	
2172	2127	
327	1517	
2172	1517	
2174	34	
2175	581	
34	2175	
2218	1315	
2646	790	
2176	2177	
2178	917	
3290	1648	
2178	2179	
2320	948	
2181	559	
2180	2181	
3208	848	
2183	384	
984	2183	
2184	1951	
2185	1721	
2184	2185	
2186	2087	
2187	1615	
2186	2187	
2188	1311	
2189	1467	
2188	2189	
2190	917	
3877	1831	
2190	2191	
2192	1500	
2193	1579	
2192	2193	
2194	216	
2195	821	
2194	2195	
2942	742	
2360	1498	
2196	2197	
2892	1588	
2199	159	
2198	639	
2672	1372	
2201	909	
2200	2201	
2202	1738	
2203	3981	
2202	767	
2346	3348	
2205	3650	
2204	2205	
2206	97	
2207	778	
2206	2207	
2208	372	
3210	1152	
2208	1153	
2210	1244	
2211	274	
389	1245	
2583	13	
2399	1781	
2212	2213	
2640	132	
2215	577	
2214	2215	
2216	564	
2217	3918	
2016	2217	
2218	2176	
2219	1639	
2218	2219	
2220	3752	
2548	520	
2220	2221	
3738	810	
2223	1925	
2222	2223	
2224	54	
2225	1203	
2224	2225	
3761	1682	
3564	1724	
2226	2227	
2228	1122	
2229	2157	
2228	2229	
2230	182	
2231	881	
2230	2231	
2232	1280	
2574	942	
2232	2233	
2235	310	
2234	83	
2234	2235	
2236	1734	
2237	1657	
2236	2237	
2238	2098	
2239	500	
2238	2239	
2240	292	
2241	1931	
527	2241	
2242	958	
2243	264	
2242	2243	
2112	1008	
2245	1127	
2244	2112	
2246	235	
2247	1362	
2246	2247	
3312	1154	
3517	283	
2248	2249	
2251	3024	
2250	2038	
2250	2251	
2252	419	
2728	806	
2252	2253	
2254	707	
2255	1355	
2254	2255	
2256	343	
3351	1095	
2256	2257	
2258	771	
2259	1672	
2258	2259	
3626	602	
2261	543	
2260	2261	
2262	607	
2263	86	
2262	2263	
2264	1112	
2265	558	
2264	2265	
2871	870	
2267	2020	
2266	2267	
2564	257	
2761	2071	
2268	2269	
2270	898	
2271	335	
16	2271	
3162	114	
2406	1217	
2272	2273	
2274	28	
2275	1278	
690	1279	
3370	57	
2277	1010	
2276	2277	
2661	595	
2279	1701	
2278	2279	
2958	85	
2281	1926	
2280	2281	
2282	673	
2283	213	
2282	2283	
2284	3414	
2285	2033	
2284	2285	
2286	940	
2287	713	
2286	2287	
2288	988	
2289	2031	
2288	2289	
2290	454	
2291	1512	
2290	2291	
2292	3297	
2293	2692	
2292	2293	
2934	964	
3641	1913	
2294	2295	
2296	320	
2297	1100	
2296	2297	
2298	243	
3973	1735	
2298	2299	
2300	1126	
2170	1678	
2300	1678	
2302	316	
3842	1222	
2302	2303	
2797	1395	
2854	177	
759	2305	
2306	218	
2307	3898	
2306	2307	
2308	478	
2309	1413	
2308	2309	
2310	1900	
3532	873	
2310	2311	
2446	1106	
2313	2156	
2312	2313	
2315	101	
2314	424	
2314	2315	
2950	1004	
2317	2093	
2951	2950	
2319	1172	
2318	725	
2318	2319	
2320	2180	
2890	802	
2320	2321	
2322	1101	
2323	321	
2322	2323	
2870	427	
2325	871	
2324	9	
2326	3406	
2326	1756	
2326	2327	
2328	1925	
2329	1828	
2328	2329	
3198	428	
3153	1761	
2330	2331	
2512	485	
2333	2073	
2332	2333	
2334	1940	
3381	2015	
2334	2335	
2336	1711	
3878	1558	
2336	2337	
2338	1729	
2339	1594	
2338	2339	
2340	252	
2341	2157	
2340	2341	
2342	300	
3146	1330	
2342	2343	
2344	561	
2345	1231	
2344	2345	
2346	2204	
2358	71	
2130	1051	
2348	1285	
2349	1765	
2348	2349	
3727	1238	
2351	83	
2350	2351	
2352	1738	
2353	625	
2352	2353	
2171	2245	
2960	2301	
2354	2355	
2356	428	
2691	1571	
2356	2357	
2358	2347	
2701	1213	
71	2359	
2360	2197	
2361	371	
2360	2361	
2362	212	
2363	1901	
2362	2363	
2879	1859	
2365	1961	
2364	2365	
2658	768	
2367	2843	
2366	2367	
3340	1331	
2369	301	
2368	2369	
2688	1298	
2371	1665	
2370	2371	
3317	1533	
2414	36	
2372	703	
2374	1278	
2438	1726	
1522	2375	
3440	1120	
2377	561	
2376	2377	
2378	187	
2617	1371	
2378	2379	
2380	51	
2381	1415	
2380	2381	
2383	517	
3354	1885	
3354	2383	
2384	22	
2385	1	
2384	1663	
2386	1979	
2387	1629	
2386	2387	
2388	752	
2389	760	
2388	2389	
2390	1030	
2391	2109	
3057	2391	
2392	547	
2428	2169	
1432	2393	
2394	491	
2395	1951	
2394	2395	
2396	758	
3307	1220	
2396	2397	
2398	594	
2399	2213	
2398	2399	
2400	1474	
3504	1568	
2400	2401	
2402	1776	
3781	473	
2402	2403	
2405	1457	
2914	1270	
2404	2405	
2406	2273	
3284	189	
2406	2407	
2408	641	
2409	1334	
2408	2409	
2410	354	
2411	2133	
2410	2411	
2412	1337	
2413	598	
2412	2413	
36	2373	
2792	1007	
36	2415	
1616	820	
2772	1579	
2416	2417	
2418	240	
2419	1414	
2418	2419	
3161	383	
2421	467	
2420	2421	
2422	978	
2423	1737	
2422	2423	
2424	704	
3460	1091	
2424	2425	
2426	828	
2427	1350	
2426	2427	
2429	547	
2428	1059	
2393	2429	
2430	796	
2431	390	
2430	2431	
3788	466	
2433	1687	
2432	2433	
2730	1956	
3659	447	
2434	2435	
2436	1158	
2437	185	
2436	2437	
2438	2375	
2439	113	
2438	2439	
2786	1644	
3075	1181	
2440	2441	
2442	795	
2475	287	
2442	2443	
2506	444	
3410	1329	
2444	2445	
2446	2312	
2834	1564	
2446	2447	
2448	1267	
2449	1385	
2448	2449	
2450	3677	
2451	1659	
2450	2451	
2452	73	
2453	1141	
2452	2453	
2454	1342	
2455	352	
2454	1481	
2456	762	
2457	2169	
2456	2457	
2458	1043	
3488	1742	
2458	2459	
2460	1390	
2461	45	
386	2461	
3652	686	
3835	684	
2462	2463	
2464	570	
2465	129	
2464	2465	
3282	2099	
2467	1017	
2466	204	
2468	1693	
2469	825	
1732	2469	
2470	100	
2471	1553	
2470	334	
2779	2045	
2473	689	
2472	2473	
2961	567	
2475	2443	
1764	2475	
3757	1092	
2477	1933	
2476	2477	
2478	756	
3913	1768	
2478	2479	
2550	716	
3268	322	
2480	2481	
2482	1413	
2483	421	
2482	2483	
2484	307	
2485	1149	
2484	2485	
2486	1485	
2487	1130	
2486	2137	
2488	55	
2489	1563	
2488	2489	
2490	743	
2491	1386	
2490	2491	
2492	232	
2493	1695	
2492	2493	
2494	1034	
2495	1931	
2494	2495	
2496	63	
2497	597	
2496	2497	
2498	1553	
2638	320	
2498	2499	
2501	1765	
2500	2426	
2500	2501	
2502	345	
2503	2100	
2502	2503	
2504	1216	
2505	1577	
2504	1577	
2506	2445	
2507	851	
2506	2507	
3114	504	
2508	2161	
2508	2509	
3433	855	
2510	866	
2510	2511	
2512	2332	
2513	1975	
2512	2513	
2514	657	
2515	1439	
2514	2515	
2516	278	
2517	1318	
2516	2517	
2518	1992	
2519	943	
2518	2519	
2521	1778	
2520	1366	
2520	2521	
2522	1847	
2523	479	
2522	2523	
2524	1913	
2525	2394	
2524	2525	
2526	1144	
2527	187	
2526	2527	
2528	2040	
2529	728	
2041	2529	
2531	1292	
3357	1293	
2530	2531	
2532	1680	
2533	411	
2532	2533	
2534	217	
2535	1929	
2534	2535	
2536	2238	
3807	747	
2536	3807	
2538	1269	
2539	1200	
2538	2539	
2540	1158	
2586	1306	
2540	2541	
2542	591	
2543	1273	
2542	2543	
3308	308	
2545	568	
2544	2545	
2547	1683	
2546	208	
2546	2547	
2548	2221	
2549	1064	
2548	2549	
2550	2481	
2551	1576	
2550	2551	
2644	1676	
2553	461	
2552	2553	
2554	210	
2555	1456	
2554	2555	
2556	584	
2557	1230	
2556	2557	
2558	2100	
2559	1049	
2558	513	
3645	1058	
2699	2698	
2560	1976	
2562	1866	
2563	412	
2562	2563	
2564	2268	
2565	2162	
2564	2565	
2566	43	
3625	2037	
2566	2567	
2569	2471	
2568	635	
2568	2569	
2570	1717	
2571	656	
3595	2571	
2572	3787	
2573	939	
2572	2573	
2574	2233	
3742	907	
2574	2575	
2576	2193	
2577	712	
2576	2577	
2578	1342	
2579	192	
2578	2579	
3669	1584	
3755	1843	
2580	2581	
2582	1868	
2583	2212	
2582	2583	
3088	1948	
3117	1542	
2584	2585	
2586	2541	
2587	1861	
2586	2587	
2588	856	
2589	1892	
2588	2589	
3706	1552	
2590	20	
2590	2591	
2592	1038	
2593	23	
2592	2593	
2594	1723	
2595	777	
2594	2595	
2596	1908	
2597	882	
2596	2597	
2598	1415	
2599	461	
2598	945	
2600	278	
2601	667	
2600	2601	
2602	301	
3032	1514	
2602	2603	
2604	886	
2605	1809	
2604	2605	
2606	242	
2607	2087	
2606	2607	
3090	1944	
2609	911	
2608	2609	
3611	1791	
2611	113	
2610	89	
2612	1943	
2997	489	
2612	2613	
2614	2456	
2662	1593	
2614	2615	
2616	348	
2617	2379	
2616	2617	
2618	1326	
2619	649	
2618	2619	
2620	1108	
2621	2175	
2620	2621	
2622	1508	
52	636	
2622	891	
2624	2011	
2625	229	
2624	2625	
2626	2026	
2805	1081	
2626	2627	
2628	209	
2629	1207	
2628	2629	
2698	70	
2631	2237	
2630	2631	
2632	540	
2708	1074	
2632	2633	
2634	770	
2635	394	
2634	2671	
2636	93	
2637	1707	
2636	2637	
2638	2499	
2639	1591	
2638	2639	
2640	2214	
2828	1919	
2640	2641	
2642	660	
2643	1323	
2642	2643	
2644	2552	
2645	467	
2644	2645	
2646	2177	
3223	1745	
2646	2647	
2648	1868	
2791	969	
2648	968	
2650	562	
2651	1128	
2650	2651	
2652	1488	
1870	437	
2652	1870	
2654	2128	
3480	1133	
2654	2655	
2656	734	
2657	1755	
2656	2657	
2659	2366	
2658	289	
2658	2659	
2660	1338	
2661	2278	
2660	2661	
2662	2615	
2663	805	
2662	2663	
2664	202	
2665	617	
2664	1111	
2666	1430	
2667	636	
2666	2667	
2668	392	
2669	1299	
2668	2669	
2670	832	
2671	1305	
2670	2635	
2672	2200	
2717	1751	
2672	2673	
2674	672	
2675	1402	
2674	2675	
2676	731	
2677	1112	
2676	2677	
2679	478	
2678	1114	
2678	2679	
2680	999	
2681	1661	
2680	2681	
2682	314	
2683	157	
2682	2683	
2684	863	
2685	1685	
2684	2685	
2686	2094	
2687	1575	
501	1574	
2688	2370	
2689	1299	
2688	2689	
2690	712	
2691	2357	
2690	2691	
2692	1177	
2782	2783	
2692	2693	
2694	87	
2695	1316	
2694	2695	
2697	1779	
2696	854	
2696	1779	
1977	2630	
2699	1976	
2698	1977	
2700	1353	
2701	2359	
2700	2701	
2702	887	
2703	1119	
2702	2703	
2704	1041	
2705	2122	
2704	2705	
3862	512	
2707	1557	
2706	2707	
2708	2633	
2709	1566	
2708	2709	
2710	1578	
2711	765	
3707	2711	
2712	559	
2713	2386	
2712	2713	
3108	1002	
2715	1974	
2714	2715	
2716	818	
2717	2673	
2716	2717	
2718	674	
2719	1891	
2718	2719	
3078	1422	
2721	1421	
2720	2721	
2722	477	
2723	1899	
2878	875	
2724	2044	
2725	1355	
2724	2725	
2726	1677	
2727	1908	
2726	2727	
2728	2253	
2729	1867	
2728	2729	
2730	2434	
2731	1544	
1956	2731	
2732	1560	
2733	135	
2732	2733	
2734	1254	
2735	377	
1254	2735	
2737	165	
2843	1410	
2736	2737	
2738	1575	
2739	827	
305	2739	
2740	1632	
2741	2026	
2740	2741	
2742	77	
2743	1272	
2742	2743	
2744	846	
2745	1652	
2744	2745	
2746	233	
2747	1741	
2746	2747	
2776	1200	
2749	838	
2748	1865	
2751	338	
3054	6	
2750	2751	
2752	593	
2753	1521	
2752	2753	
2754	1281	
3104	1487	
2754	1486	
2756	1374	
3094	741	
2756	2757	
2758	756	
2759	1611	
2758	2759	
2760	1116	
2761	2269	
2760	2761	
2762	2340	
2763	1885	
2762	2763	
2764	2259	
2765	3	
2764	2765	
2766	62	
2767	330	
2766	2767	
3505	787	
2769	1079	
2768	2769	
2770	1235	
2771	1733	
2770	1180	
2772	2417	
2773	1500	
2772	2773	
2774	780	
2775	67	
1720	2775	
2776	2748	
2903	449	
2776	2777	
2778	107	
2779	2472	
2778	2779	
2780	1828	
2781	1611	
2780	2781	
2782	2693	
369	1851	
369	2783	
2784	252	
2910	1229	
2784	2785	
2786	2440	
2787	678	
2786	2787	
2788	216	
2789	1705	
2788	2789	
2790	97	
2791	2649	
2790	969	
2792	2415	
2793	481	
1007	2793	
2794	2051	
2795	113	
2794	2795	
2796	1276	
2797	2304	
2796	2797	
3314	2104	
2799	1960	
2798	2799	
2800	1404	
2801	316	
2800	2801	
2802	2374	
2803	670	
2802	2803	
2804	540	
2805	2627	
2804	2805	
2806	1447	
2807	643	
2806	2807	
2808	1220	
2809	723	
1221	2809	
2810	1052	
2811	2080	
2810	2811	
2812	1875	
2813	687	
998	1965	
2814	614	
2815	1855	
2814	2815	
2817	110	
2816	1485	
2816	2817	
2818	418	
2819	1201	
2818	2819	
2159	858	
3580	647	
2820	2821	
2823	214	
2822	994	
2822	2823	
2824	299	
2825	1703	
2824	2825	
3247	1669	
2827	745	
2826	2827	
2828	2641	
2829	863	
2828	2829	
2831	2807	
3506	1192	
2830	2831	
2832	975	
2833	2004	
2832	3427	
2834	2447	
2835	484	
2834	2835	
2836	1634	
2837	1804	
2836	2837	
2838	1756	
2839	856	
2838	2839	
2840	1534	
2841	1151	
2840	2841	
2842	1690	
2842	2736	
2842	2843	
2844	1192	
2845	1311	
2844	2845	
2846	698	
2847	736	
2846	2847	
2848	1456	
2849	682	
2848	2849	
2850	775	
2851	943	
2850	2851	
2852	2007	
2853	1359	
2852	2853	
2854	2305	
2855	1755	
2854	2855	
2856	1582	
2857	549	
2856	2857	
2858	1272	
2859	55	
2858	2859	
2860	726	
2861	1077	
2860	2959	
2862	1724	
2863	1357	
2862	1356	
2864	1962	
2865	358	
2864	2865	
2866	420	
3469	657	
2866	2867	
2868	1602	
2869	372	
2868	2869	
2870	2324	
2871	2266	
2870	2871	
2872	1777	
2873	1368	
2872	2873	
2874	906	
2875	1772	
2874	2875	
2876	2086	
2877	205	
3748	500	
2878	1576	
2879	2364	
2722	1859	
2880	174	
2881	175	
2880	2881	
2883	1577	
3482	483	
2882	2883	
2884	528	
2885	1117	
2884	2885	
2886	1366	
2887	2465	
2886	2887	
3808	1391	
2889	747	
2888	844	
2890	2321	
2891	1488	
2890	2891	
2892	2198	
2893	1473	
2892	2893	
2894	461	
2895	2730	
2894	2895	
3331	231	
3715	1715	
2896	2897	
539	150	
2899	1296	
3673	2898	
2900	2062	
2901	59	
2900	2901	
2902	1686	
2903	2777	
2902	2903	
2904	436	
2905	2653	
2904	2905	
2906	529	
2907	1117	
2906	2907	
2908	1080	
2909	910	
2908	2909	
2910	2785	
2911	707	
2910	2911	
2912	439	
2913	1435	
2912	2913	
2914	2404	
2915	368	
2914	2915	
2916	3965	
2917	1736	
2916	2917	
3643	61	
2919	1231	
2918	2919	
2920	828	
2921	1284	
627	10	
3023	1109	
2923	371	
2922	2923	
2924	277	
2925	587	
2924	2925	
3255	376	
2927	199	
2926	2118	
2928	994	
2929	355	
2928	2929	
2930	1456	
2931	631	
630	2931	
2932	95	
2933	1161	
2932	2933	
2934	2294	
2935	1783	
2934	2935	
2936	897	
2937	1319	
2936	2937	
3888	1452	
2938	751	
751	2939	
3980	159	
2941	2128	
3980	2941	
2942	2196	
2943	1049	
2942	2943	
2944	3108	
3793	955	
2944	2945	
2946	432	
2947	1967	
2946	2947	
2948	542	
2949	1251	
2948	2949	
2950	525	
1032	1146	
1032	2316	
2952	2023	
2953	1368	
2952	2953	
2954	706	
2955	1885	
2954	2955	
2956	808	
2957	1472	
2956	2957	
2958	2280	
2959	1132	
2958	2861	
2960	2354	
2961	2474	
2960	2961	
2962	590	
3059	1425	
2962	2963	
2964	1040	
2965	535	
2964	2965	
2966	1802	
2967	959	
2966	2967	
2968	990	
2969	1839	
2968	2969	
2970	499	
2971	2081	
2970	2971	
2972	433	
2973	91	
2972	2973	
2974	193	
2975	1619	
2974	2975	
2976	1524	
2977	1563	
2976	2977	
2978	877	
2979	1703	
2978	2979	
2980	507	
2981	1943	
2980	2981	
2982	333	
2983	1512	
2982	2983	
2984	310	
2985	631	
2984	2985	
2986	2028	
2987	1003	
2986	2987	
2988	714	
2989	361	
2988	1679	
2990	1300	
2991	47	
2990	2991	
2992	2036	
2993	952	
2992	2993	
2994	983	
2995	1949	
2994	2995	
2996	1952	
2997	2613	
2996	2997	
2998	291	
2999	1175	
2998	2999	
3000	534	
3001	2055	
3000	3001	
3002	1042	
3003	2057	
3002	3003	
3780	914	
3005	1133	
3004	3005	
3006	780	
3007	313	
3006	3007	
3008	2142	
3009	1199	
3008	3009	
3010	2152	
3011	589	
3339	3011	
3012	930	
3020	1808	
3012	3013	
3014	292	
3015	1361	
3014	3015	
3016	1206	
3017	919	
3016	3017	
3018	551	
3530	1383	
3018	3019	
3020	3013	
3021	570	
3020	409	
3022	3350	
3023	2922	
3022	1109	
3024	2899	
3025	2008	
2899	3025	
3026	1308	
3968	819	
3026	3027	
3028	669	
3029	1225	
3028	3029	
3030	1502	
3031	1389	
3030	3031	
3032	2603	
3033	629	
3032	3033	
3034	953	
3035	1312	
3034	3035	
3036	578	
3037	1795	
3036	3037	
3038	1504	
3039	349	
3038	3039	
3040	1291	
3041	1367	
3040	3041	
3042	312	
3043	1861	
3042	3043	
3044	206	
3045	1245	
3044	3045	
3046	6	
3047	791	
3046	3047	
3048	1258	
3049	1348	
3048	3049	
3081	470	
3915	1597	
3050	3051	
3052	628	
3053	1557	
3052	3053	
3054	2750	
3055	233	
3054	3055	
3056	1140	
3057	553	
3056	2390	
3058	173	
3059	2963	
3058	3059	
3060	2054	
3061	746	
3060	3061	
3062	1670	
3063	897	
3062	3063	
3064	1461	
3855	393	
3064	3065	
3066	2487	
3067	2142	
3066	2143	
3068	626	
3069	105	
3068	3069	
3070	373	
3859	227	
3070	3071	
3121	170	
3073	2135	
3072	3073	
3151	2771	
3075	2441	
3074	3075	
3076	1758	
3077	166	
3076	3077	
3078	2720	
3079	1224	
3078	3079	
3081	1022	
3080	3050	
3080	3081	
3082	1282	
3083	235	
3082	3083	
3084	1594	
3085	379	
3084	3085	
3086	920	
3087	789	
3086	3087	
3088	2585	
3089	229	
3088	3089	
3090	2608	
3091	2103	
3090	263	
3092	1560	
3093	904	
3092	3093	
3094	2757	
3095	1721	
3094	3095	
3096	1813	
3097	839	
3096	3097	
3098	117	
3099	1638	
3098	3099	
3100	1936	
3101	997	
3100	3101	
3102	46	
3103	1706	
3102	3103	
3104	2755	
3105	1560	
3104	3105	
3106	472	
3107	1308	
3106	3107	
3108	2714	
3711	2018	
1002	3109	
3110	883	
3111	1463	
3110	3111	
3490	1476	
3113	1964	
3112	3113	
3114	2509	
3512	2064	
504	3115	
3117	128	
3116	2584	
3116	3117	
3118	2814	
3119	615	
3118	3119	
3120	1762	
3121	3072	
3120	3121	
3122	2022	
3471	1541	
3122	3123	
3125	365	
3124	171	
3124	365	
3126	898	
3127	616	
3126	3127	
3128	1143	
3129	1706	
3128	3129	
3130	2592	
3131	2106	
3130	3605	
3180	1642	
3133	385	
3132	3133	
3134	736	
3135	737	
3134	3135	
3136	754	
3137	1374	
3136	3137	
3138	1420	
3139	1197	
3138	3139	
3140	830	
3141	215	
3140	3141	
3341	152	
3240	12	
3142	3143	
3144	516	
3145	1996	
3144	3145	
3146	2343	
3147	12	
3146	1972	
3684	1538	
3149	1703	
3148	3149	
3150	2468	
3151	3074	
3150	3151	
3152	872	
3153	2331	
3152	3153	
3154	406	
3155	1369	
3154	3155	
3156	1338	
3766	876	
3156	3157	
3158	3114	
3159	559	
3158	3159	
3160	1662	
3161	2420	
3160	3161	
3162	2272	
3163	1502	
3162	1503	
3164	64	
3165	1035	
3164	3165	
3167	1667	
3166	1837	
3166	3167	
3168	2938	
3429	753	
3168	3169	
3170	1936	
3171	1937	
3170	3171	
3172	474	
3825	1295	
3172	3173	
3174	1390	
3175	2187	
3174	3175	
3177	533	
3176	2117	
3176	3177	
3474	450	
3179	1794	
3178	3179	
3180	3132	
3181	107	
3180	3181	
3394	1620	
3183	1219	
3182	1218	
3184	564	
3185	2017	
3184	3185	
3186	904	
3187	846	
3186	3187	
3188	136	
3189	886	
3188	3189	
3190	34	
3191	1131	
3190	3191	
3664	142	
3193	1549	
3192	3193	
3194	3119	
3195	786	
3194	3195	
3196	1652	
3197	975	
3196	3197	
3198	2330	
3199	1636	
3198	3199	
3303	1635	
3201	1895	
3200	3201	
3202	1211	
3203	1379	
3202	3203	
3204	143	
3205	1385	
3204	1384	
3206	1322	
3207	2163	
3206	3207	
3208	2182	
3209	1886	
3208	3209	
3210	2209	
3211	332	
3210	3211	
3892	66	
3213	1235	
3212	3213	
3747	1846	
3215	277	
3214	3215	
3216	688	
3217	241	
3216	3217	
3218	679	
3219	1234	
3218	3219	
3220	1638	
3221	842	
3220	3221	
3222	831	
3223	2647	
3222	3223	
3941	77	
3225	1425	
3224	3225	
3978	622	
3227	1233	
3226	3227	
3228	1092	
3229	1504	
115	3229	
3230	431	
3231	2132	
3230	3231	
3232	117	
3233	1852	
3232	3233	
3234	662	
3235	2532	
3234	3235	
3236	1344	
3237	395	
3236	3237	
3238	1595	
3239	1763	
3238	3239	
3240	3142	
3241	260	
3240	3241	
3242	224	
3243	1000	
3242	3243	
3244	1386	
3245	872	
3244	3245	
3246	236	
3247	2826	
3246	3247	
3248	2092	
3249	524	
3248	3249	
3250	217	
3367	834	
3250	3251	
3252	1104	
3253	2028	
3252	3253	
3258	1458	
3255	2926	
3254	3255	
3256	1826	
3257	943	
3256	3257	
3258	3254	
3259	777	
3258	3259	
3260	642	
3261	1275	
3260	3261	
3262	1875	
3610	511	
3262	3263	
3264	1266	
3265	592	
3264	3265	
3267	1526	
3266	888	
3266	3922	
3268	2480	
3269	693	
3268	3269	
3270	1950	
3271	37	
3270	3271	
3272	2001	
3273	1025	
3272	3273	
3274	2114	
3275	1666	
3274	3275	
3276	830	
3277	397	
3276	3277	
3473	1834	
3279	1813	
3278	3279	
3280	668	
3281	1640	
3280	3281	
3282	2466	
3283	246	
3282	3283	
3284	2407	
3285	411	
3284	3285	
3286	1122	
3287	1059	
3286	3287	
3288	8	
3573	1405	
3288	3289	
3290	2179	
3291	612	
3290	3291	
3292	1332	
3293	780	
3292	3293	
3294	91	
3295	1243	
3294	3295	
3296	2150	
3297	211	
3296	3297	
3298	1194	
3299	8	
3298	3299	
3300	580	
3301	144	
3300	3301	
3302	869	
3303	3200	
3302	3303	
3304	946	
3305	1951	
3304	3305	
3306	1402	
3307	2397	
3306	3307	
3309	2544	
3308	2824	
3308	3309	
3310	1633	
3311	1053	
3310	3311	
3312	2248	
3313	1312	
3312	3313	
3314	2798	
3315	2317	
3314	3315	
3824	388	
3316	2372	
3316	3317	
3318	234	
3319	1149	
3318	3319	
3320	2100	
3321	3343	
3320	3321	
3329	60	
3323	750	
3322	3323	
3324	2813	
3325	247	
3324	3325	
3326	162	
3364	1250	
3326	3327	
3328	1186	
3329	3322	
3328	3329	
3330	842	
3331	2896	
3330	3331	
3332	228	
3333	1757	
3332	3333	
3334	96	
3335	584	
3334	3335	
3336	344	
3337	1393	
3336	3337	
3810	1144	
3339	2153	
3338	3010	
3340	2368	
3341	3143	
3340	3341	
3342	529	
3343	1465	
3342	700	
3344	3336	
3345	529	
3344	3345	
3346	27	
3347	669	
3346	3347	
3348	2130	
3349	0	
3348	3349	
3350	290	
3351	2257	
3350	3351	
3352	1334	
3353	187	
3352	3353	
3354	2382	
3355	611	
2382	3355	
3356	1400	
3357	2530	
3356	3357	
3358	2024	
2070	254	
2024	2070	
3360	174	
3361	1344	
1700	3361	
3362	1351	
3363	186	
3362	3363	
3364	3327	
3365	1145	
3364	3365	
3592	1968	
3367	3251	
3366	3367	
3368	1347	
3369	1375	
3368	3369	
3370	2276	
3371	1490	
3370	3371	
3372	1013	
3373	2358	
2090	3373	
3374	1804	
3375	935	
3374	3375	
3376	656	
3377	490	
3376	3377	
3378	437	
3379	573	
3378	3379	
3380	2018	
3381	2335	
3380	3381	
3382	750	
3383	1129	
3382	3383	
3384	1131	
3385	1260	
3384	3385	
3386	3742	
3387	1958	
3386	3387	
3704	196	
3389	1671	
3388	3389	
3390	1992	
3391	942	
3390	3391	
3392	1966	
3393	1925	
3392	3393	
3394	3182	
3395	1621	
3394	3395	
3396	1646	
3397	1255	
3396	1255	
3398	2073	
3399	58	
3398	3399	
3400	1124	
3401	2001	
3400	3401	
3402	1312	
3403	675	
3402	3403	
3404	125	
3794	1171	
3404	3405	
3406	850	
3407	1623	
3406	3407	
3408	313	
3409	1581	
3408	3409	
3410	2444	
3816	1624	
3410	3411	
3412	1108	
3413	621	
3412	3413	
3414	29	
3415	2879	
1138	3415	
3416	1091	
3417	301	
3416	3417	
3418	1826	
3419	391	
3418	3419	
3420	184	
3421	1995	
3420	3421	
3422	1689	
3687	1619	
347	3423	
3424	266	
3443	533	
3424	3425	
3426	1800	
3427	2005	
3426	2833	
3428	752	
3429	3169	
3428	3429	
3430	1506	
3431	919	
3430	3431	
3433	971	
3432	2511	
3432	3433	
3434	368	
3435	2270	
3434	3435	
3436	340	
3437	3036	
3436	3437	
3438	800	
3439	1905	
3438	3439	
3440	2376	
3441	563	
3440	3441	
3442	124	
3443	3425	
3442	3443	
3444	158	
3445	1473	
3444	3445	
3446	1953	
3917	618	
3446	3447	
3448	112	
3449	958	
3448	1803	
3450	1518	
3451	751	
3450	3451	
3452	28	
3453	1311	
3452	3453	
3454	728	
3455	729	
3454	3455	
3456	1547	
3457	73	
3456	3457	
3458	2026	
3459	2027	
3458	3459	
3460	2425	
3461	1210	
3460	3461	
3462	928	
3463	2607	
3462	1656	
3464	1728	
3465	457	
3464	3465	
3467	1790	
3467	2277	
3466	3467	
3468	479	
3469	2867	
3468	3469	
3470	195	
3471	3123	
3470	3471	
3472	852	
3473	3278	
3472	3473	
3475	3178	
3475	1509	
3474	3475	
3476	1575	
3477	2611	
3476	3477	
3478	1333	
3479	7	
3478	3479	
3480	2655	
3481	1655	
3480	3481	
3482	2882	
3483	2477	
3482	3483	
3484	244	
3485	2123	
3484	3485	
3833	1911	
3487	2694	
3486	3487	
3488	2459	
3513	2019	
3488	3489	
3490	3112	
3491	2794	
3490	3491	
3492	1659	
3493	617	
3492	3493	
3494	408	
3495	1520	
3494	3495	
3496	1375	
3497	459	
3496	3497	
3498	735	
3499	1637	
3498	3499	
3500	908	
3501	1729	
3500	3501	
3502	360	
3503	188	
3502	3503	
3504	2401	
3505	2768	
3504	3505	
3506	2830	
3507	871	
3506	3565	
3508	941	
3509	579	
3508	3509	
3510	2161	
3511	3710	
3510	3511	
3512	3115	
3513	3489	
3512	3513	
3698	230	
3515	506	
3514	3515	
3516	1252	
3517	2249	
3516	283	
3518	194	
3519	818	
3518	1309	
3520	2649	
3521	1539	
3520	3521	
3522	118	
3523	1543	
3522	3523	
3524	224	
3525	2140	
3524	3525	
3526	974	
3527	2132	
3526	3527	
3528	770	
3529	1701	
3528	3529	
3530	3019	
3531	137	
3530	3531	
3532	2311	
3533	1946	
3532	3533	
3534	1874	
3535	2051	
3534	3535	
3536	432	
3537	689	
3536	3537	
3538	622	
3539	90	
3538	3539	
3541	1058	
3540	929	
3540	3541	
3542	2049	
3543	1212	
3542	3543	
3604	258	
3545	2371	
3544	3545	
3546	204	
3547	951	
3546	3547	
3548	798	
3549	1650	
3548	3549	
3550	66	
3551	1634	
3550	3551	
3552	2072	
3553	1043	
3552	3553	
3554	436	
3555	1566	
3554	3555	
3556	2740	
3557	730	
3556	3557	
3558	1696	
3559	1552	
3558	3559	
3560	1940	
3561	438	
3560	3561	
3562	1525	
3563	1427	
3562	3563	
3564	2227	
3565	608	
3564	3507	
3566	389	
3567	128	
3566	3567	
3568	1776	
3569	226	
3568	3569	
3798	1320	
3680	339	
3570	3571	
3572	1536	
3573	3289	
3572	1405	
3574	446	
3575	1787	
3574	3575	
3576	1893	
3577	471	
3576	3577	
3578	2123	
3579	2055	
3578	3579	
3580	2820	
3581	778	
3580	1349	
3582	861	
3583	1837	
3582	3583	
3634	1256	
3585	227	
3584	3585	
3586	1250	
3587	1544	
3586	3587	
3588	1966	
3589	837	
3588	3589	
3590	1062	
3591	2088	
3590	3591	
3592	3366	
3593	79	
3592	3593	
3594	1716	
3595	2570	
3594	2570	
3596	956	
3597	2045	
3596	3597	
3598	499	
3599	1365	
3598	3599	
3600	1159	
3601	2108	
3600	3601	
3602	646	
3603	1237	
3602	3603	
3604	3544	
3605	2107	
3604	3131	
3606	214	
3607	1747	
3606	3607	
3608	1544	
3609	318	
3608	3609	
3610	3263	
3611	2610	
3610	3611	
3612	1038	
3613	2047	
3612	3613	
3614	733	
3615	1787	
3614	3615	
3616	1926	
3617	986	
3616	3617	
3618	719	
3703	1873	
3618	3619	
3620	609	
3621	1275	
3620	3621	
3622	21	
3623	2994	
3622	3623	
3624	952	
3625	2567	
3624	3625	
3626	2260	
3627	1189	
3626	3627	
3628	118	
3629	1847	
3628	3629	
3630	501	
3631	951	
3630	3631	
3632	1419	
3633	315	
3632	3633	
3634	3584	
3635	697	
3634	3635	
3800	402	
3637	1529	
3636	3637	
3638	1052	
3639	2055	
3638	3639	
3640	1436	
3641	2295	
3640	3641	
3642	1402	
3643	2918	
3642	3643	
3644	2116	
3645	2560	
3644	3645	
3646	352	
3647	2145	
3646	3647	
3648	888	
3649	2769	
3648	3649	
3650	476	
3651	2066	
3650	3651	
3652	2463	
3653	2068	
3652	3653	
3654	1536	
3655	317	
3654	3655	
3656	926	
3657	1222	
3656	3657	
3658	1741	
3659	2435	
3658	3659	
3660	1840	
3661	214	
3660	3661	
3662	2216	
3663	1053	
3662	3663	
3664	3192	
3665	855	
3664	3665	
3666	1090	
3667	2007	
3666	3667	
3668	390	
3669	2580	
3668	3669	
3670	1054	
3671	756	
3670	3671	
3821	610	
3673	1352	
3821	2898	
3674	1866	
3675	1839	
3674	3675	
3676	456	
3677	1844	
3676	3677	
3678	1381	
3679	695	
3678	3679	
3680	3571	
3681	1189	
3680	3681	
3682	1603	
3683	1655	
3682	351	
3684	3148	
3685	364	
3684	815	
3686	72	
3687	3423	
3686	3687	
3688	1472	
3689	1407	
3688	3689	
3690	896	
3691	838	
3690	3691	
3692	215	
3693	1853	
3692	3693	
3694	328	
3695	213	
3694	3695	
3696	1400	
3697	694	
3696	3697	
3698	3514	
3699	1995	
3698	3699	
3720	2559	
3701	1327	
261	3701	
3702	702	
3703	3619	
3702	1873	
3704	3388	
3705	1962	
3704	3705	
3706	788	
3707	1754	
2591	2710	
3708	1680	
3709	1933	
3708	3709	
3710	1000	
3711	3109	
2141	3711	
3712	1691	
3713	443	
3712	3713	
3714	1958	
3715	2897	
3714	3715	
3716	2158	
3717	1658	
3716	3717	
3718	1378	
3719	1900	
3718	3719	
3720	3700	
3721	1048	
3720	3721	
3722	1280	
3723	357	
3722	3723	
3724	638	
3725	1673	
3724	3725	
3726	2991	
3727	2350	
3726	3727	
3728	606	
3729	1693	
396	3729	
3730	1316	
3731	679	
3730	3731	
3732	1288	
3733	459	
3732	3733	
3734	364	
3735	3603	
3734	3735	
3736	338	
3937	1417	
3736	3737	
3738	2222	
3739	1483	
3738	3739	
3740	1206	
3741	1572	
3740	3741	
3742	2575	
3743	1815	
907	3743	
781	312	
3745	1464	
781	3745	
3746	966	
3747	3214	
3746	3747	
3748	1011	
3749	1491	
2095	3749	
3750	1716	
3751	1022	
3750	3751	
3752	1098	
3753	1265	
3752	3753	
3754	896	
3755	2581	
3754	3755	
3756	348	
3757	2476	
3756	3757	
3758	394	
3759	393	
3758	3759	
3760	1339	
3761	2226	
3760	3761	
3762	804	
3763	2392	
3762	3763	
3764	234	
3765	408	
3764	3765	
3766	3157	
3767	1507	
3766	3767	
3768	3418	
3769	1807	
3768	3769	
3770	1086	
3771	1283	
3770	3771	
3772	354	
3773	754	
3772	3773	
3774	1714	
3775	991	
3774	3775	
3776	2005	
3777	2030	
3776	3777	
3778	176	
3779	758	
3778	3779	
3780	3004	
3781	2403	
3780	3781	
3782	541	
3783	1633	
3782	3783	
3784	338	
3785	1135	
3784	3785	
3786	65	
3787	1112	
3786	1935	
3788	2432	
3789	917	
3788	3789	
3790	3474	
3791	423	
3790	3791	
3792	98	
3793	2945	
3792	3793	
3794	3405	
3795	555	
3794	3795	
3796	297	
3797	561	
3796	3797	
3798	3570	
3799	1786	
3798	3799	
3800	3636	
3801	677	
3800	3801	
3802	391	
3803	1621	
3802	3803	
3804	1548	
3805	331	
3804	3805	
3806	112	
2537	1016	
3806	2537	
3808	2888	
3809	3000	
3808	3809	
3810	3338	
3811	1429	
3810	3811	
3812	1074	
3813	1184	
3812	3813	
3814	164	
3815	867	
3814	3815	
3816	3411	
3817	890	
3816	3817	
3818	1941	
3819	837	
3818	3819	
3820	1262	
3672	763	
3820	3672	
3822	1628	
3823	757	
3822	3823	
3824	3317	
3825	3173	
3824	3825	
3826	1692	
3827	831	
3826	3827	
3828	779	
3829	3122	
3828	3829	
3830	1944	
3904	2047	
3830	1071	
3832	3021	
3833	3486	
3832	3833	
3960	1460	
3835	2462	
3834	3835	
3836	1360	
3837	687	
3836	3837	
3838	329	
3839	605	
3838	3839	
3840	885	
3841	1947	
3840	3841	
3842	2303	
3843	675	
3842	3843	
3844	119	
3845	1597	
3844	3845	
3846	928	
3847	1923	
3846	3847	
3848	1723	
3849	1837	
3848	3849	
3851	3463	
3850	933	
3850	3851	
3852	1114	
3853	571	
3852	3853	
3854	978	
3855	3065	
3854	3855	
3856	824	
3857	1841	
3856	3857	
3858	594	
3859	3071	
3858	3859	
3860	1341	
3861	667	
3860	3861	
3862	2706	
3863	2109	
3862	3863	
3864	1175	
3865	1760	
3864	3865	
3866	699	
3867	1547	
3866	3867	
3868	1125	
3869	1346	
3868	3869	
3870	40	
3871	1135	
3870	3871	
3919	959	
1982	1875	
3872	3873	
3874	1340	
3875	766	
3874	3875	
3876	446	
3877	2191	
3876	3877	
3878	2337	
3879	710	
3878	3879	
3880	2140	
3881	2160	
3880	3881	
3882	58	
3883	532	
3882	3883	
3884	967	
3885	2075	
3884	3885	
3886	1420	
3887	48	
3886	3887	
3888	2939	
3889	381	
3888	3889	
3890	144	
3891	1323	
3890	3891	
3892	3212	
3893	1289	
3892	3893	
3894	1998	
3895	488	
3894	3895	
3896	1996	
3897	1435	
3896	3897	
3898	236	
3899	1961	
1668	3899	
3900	576	
3901	1253	
3900	3901	
3902	42	
3903	357	
3902	1914	
3904	3831	
3905	526	
3904	3905	
3906	437	
3907	1945	
3906	3907	
3908	253	
3909	1263	
3908	3909	
3910	1392	
3911	1498	
3910	3911	
3912	924	
3913	2479	
3912	3913	
3914	475	
3915	3051	
3914	3915	
3916	1124	
3917	3447	
3916	3917	
3918	1907	
3919	3872	
1907	3919	
3920	446	
3921	903	
3920	3921	
3922	3267	
3923	39	
3922	3923	
3924	380	
3925	2977	
3924	3925	
3926	95	
3927	1602	
3926	3927	
3928	668	
3929	295	
3928	3929	
3930	790	
3931	233	
3930	3931	
3932	1412	
3933	841	
3932	3933	
3934	424	
3935	1617	
3934	3935	
3936	90	
3937	3737	
3936	3937	
3938	3981	
3939	1513	
3938	3939	
3940	1650	
3941	3224	
3940	3941	
3942	744	
3943	1455	
3942	3943	
3944	201	
3945	612	
3944	3945	
3946	425	
3947	735	
3946	3947	
3948	2075	
3949	119	
3948	3949	
3950	926	
3951	1698	
3950	3951	
3952	852	
3953	1687	
843	3953	
3954	1462	
3955	2019	
3954	3955	
3956	1561	
3957	7	
3956	3957	
3958	901	
3959	372	
3958	3959	
3960	3834	
3961	190	
3960	3961	
3962	1362	
3963	592	
3962	3963	
3964	1278	
3965	1044	
3964	3965	
3966	1268	
3967	359	
3966	3967	
3968	3027	
3969	195	
3968	3969	
3970	1712	
3971	208	
3970	3971	
3972	929	
3973	2299	
3972	3973	
3974	314	
3975	1169	
3974	3975	
3976	1736	
3977	1477	
3976	3977	
3978	3226	
3979	623	
3978	3979	
2940	1698	
3981	927	
2940	927	
3982	661	
3983	621	
661	3983	
