1676	1951	1155	
1194	1365	1212	
1128	1641	1839	
1430	1384	1055	
984	832	1919	
1144	571	264	
1377	779	1529	
1980	9	1741	
342	1651	1761	
1728	46	1164	
600	1462	635	
1930	1608	442	
1716	1622	1573	
1579	936	892	
896	1043	511	
1624	274	1578	
451	1719	1137	
515	530	889	
1793	1299	946	
948	430	1059	
48	1855	1297	
938	1588	1041	
1300	833	1392	
1298	1955	1260	
344	1233	967	
1844	486	771	
1172	616	1225	
336	1215	1571	
301	1	46	
931	982	571	
366	1266	99	
1180	882	1934	
1397	676	1762	
1085	18	622	
1089	1312	1652	
1765	1702	1207	
1188	1209	1061	
1868	436	1637	
448	458	1008	
1385	1963	33	
22	1525	305	
1859	1283	1486	
1118	473	998	
1519	947	579	
1092	785	1356	
1232	275	1084	
433	1280	1669	
1850	1865	1497	
1125	713	1945	
1745	561	20	
1880	1170	1240	
709	1806	1367	
1313	629	1700	
690	889	1062	
1846	1480	603	
1431	783	1361	
449	1032	293	
1687	1049	1735	
1701	554	124	
1317	525	1452	
1173	595	761	
1921	703	681	
446	891	609	
647	300	1508	
1187	967	265	
969	1758	1134	
721	1948	619	
1455	1874	1389	
1389	1094	1455	
1052	1253	1100	
1019	1772	1351	
608	1688	1181	
1229	192	328	
98	1730	572	
896	913	995	
604	270	570	
905	794	923	
29	389	44	
41	1910	101	
28	626	1798	
1345	994	1740	
431	749	544	
933	286	1412	
1119	1177	1267	
44	827	29	
1481	459	568	
1771	618	1133	
1349	1745	20	
671	106	1882	
1307	1740	477	
303	614	1771	
1488	1191	623	
48	1601	1357	
855	1566	1279	
1432	1977	540	
299	452	582	
317	1553	645	
1916	676	1013	
51	244	1782	
1340	1801	1288	
1251	692	1841	
585	854	376	
53	910	327	
765	487	204	
54	856	625	
1152	841	1536	
55	1796	1169	
1024	1592	687	
1581	1082	1358	
908	1376	919	
57	1145	1098	
1165	1520	1421	
1123	903	815	
1307	1399	1221	
610	1277	1583	
548	1856	1616	
1002	1949	1960	
659	496	1017	
773	925	295	
330	1976	1007	
62	894	538	
16	1006	1127	
1890	1667	1612	
953	1962	3	
64	1158	1628	
587	1216	1230	
1799	1822	1690	
1797	1605	1323	
66	1785	1811	
1202	287	1445	
67	542	1547	
1315	1372	1893	
68	1280	1322	
562	1693	1663	
69	665	1311	
1272	581	1368	
1395	576	957	
1767	1539	1577	
71	148	1110	
1288	1042	0	
142	267	971	
30	604	570	
73	1331	1834	
694	1250	1378	
74	663	1652	
1957	777	1182	
593	735	725	
876	670	75	
912	962	53	
371	170	723	
271	678	153	
608	575	1104	
780	748	258	
304	78	1603	
861	1044	894	
757	760	136	
80	1703	1658	
1343	1923	1178	
1493	738	672	
1101	1992	806	
725	42	280	
1414	1872	461	
83	1787	1219	
47	1476	1132	
1257	1350	435	
398	1031	359	
85	401	1540	
1836	1470	1292	
1245	358	589	
57	744	1145	
1069	1334	470	
43	1564	940	
88	1953	1118	
1427	714	915	
1079	89	852	
1436	1442	1106	
699	1163	1119	
1429	1154	1751	
91	1286	52	
329	319	750	
92	696	918	
1496	398	359	
875	231	1413	
1648	93	862	
999	1379	1439	
1935	94	1220	
1683	754	769	
729	1265	1678	
1252	1176	1753	
1205	1087	1644	
97	740	1982	
413	97	1929	
98	1291	38	
1814	811	1327	
1646	656	1555	
688	1986	456	
837	1447	1854	
1328	100	288	
1914	1629	12	
505	1465	768	
867	1358	1942	
636	1913	1958	
103	940	557	
878	622	18	
1235	252	58	
809	1440	1045	
105	1398	653	
327	910	492	
1141	1275	1987	
1784	680	306	
334	1344	1320	
1621	1077	590	
952	1603	759	
1849	1143	1400	
978	1832	875	
1572	928	1613	
778	52	1286	
954	462	966	
111	1950	1574	
1800	823	1024	
1591	419	1627	
863	1668	1926	
971	736	543	
625	960	487	
114	916	807	
1692	1556	1057	
1438	1786	772	
1537	1794	177	
116	432	880	
1546	1314	1944	
1851	1071	1374	
423	497	902	
1809	368	460	
1967	895	1529	
119	1596	277	
762	1543	26	
945	1606	836	
610	1363	1277	
121	1008	458	
987	1021	941	
122	407	1871	
709	346	1806	
1440	1927	1045	
869	490	1021	
1943	1701	1063	
1011	1359	512	
125	1643	1905	
1769	1664	1558	
1218	849	821	
1647	1390	1271	
1976	1944	1314	
1602	1653	1867	
1172	508	616	
944	1899	37	
1037	1681	65	
1199	129	1094	
130	1059	1878	
65	1284	1037	
1954	1804	834	
67	1731	542	
132	1622	808	
665	1802	1852	
1908	1134	1559	
1053	1547	1456	
134	1123	375	
284	1791	1038	
1590	268	1484	
1645	135	531	
136	1064	79	
1040	996	726	
1062	536	1085	
1075	550	72	
504	518	271	
1401	516	1035	
1599	1561	653	
1386	1754	1262	
140	1609	1875	
739	1609	395	
141	705	603	
85	1593	401	
142	331	550	
1040	511	1043	
143	1952	1788	
290	1760	1722	
1611	1867	1653	
70	1539	1767	
315	884	182	
1644	145	1223	
146	1983	1945	
298	1634	1331	
1677	556	567	
1463	549	1247	
1509	1780	1036	
1657	148	71	
149	1516	1362	
1966	1907	1422	
150	617	68	
17	282	32	
1417	1405	1096	
1656	1872	1414	
354	547	1835	
1710	1186	78	
1230	1912	1704	
1352	678	77	
1096	1424	1417	
415	1189	1371	
1133	1894	710	
1511	576	70	
1656	580	42	
1274	156	620	
157	1891	648	
381	1655	25	
158	932	352	
1505	1295	792	
339	711	586	
1273	1818	229	
160	1402	1142	
1829	613	1703	
1206	1806	1610	
83	627	1842	
162	1321	1251	
797	318	90	
1636	1242	1018	
7	348	285	
164	591	1028	
76	898	408	
749	449	597	
757	593	760	
1339	25	1655	
338	166	607	
1262	1385	1386	
1904	1522	694	
1864	1607	199	
796	1724	81	
584	692	1237	
364	1161	1137	
723	170	91	
324	622	802	
388	710	569	
1842	1787	83	
632	1694	1296	
57	172	744	
805	1290	791	
358	173	589	
174	1673	1674	
664	698	1100	
175	846	1575	
382	1471	1713	
176	357	1941	
729	1521	577	
177	1794	1201	
14	1843	1468	
1074	1229	1490	
1935	178	94	
1068	179	1765	
1570	311	1466	
715	1246	1431	
1863	180	1953	
181	1434	102	
983	1985	1411	
644	707	1076	
359	707	1496	
183	861	747	
757	394	75	
771	620	1844	
43	184	87	
185	408	898	
795	626	825	
186	1148	1459	
887	1565	1393	
1528	1303	1186	
1247	1182	1463	
1981	1436	5	
1742	1504	49	
189	907	21	
92	724	696	
1910	666	101	
1369	1700	626	
648	1426	1494	
1544	1077	1621	
192	1498	328	
1327	811	1946	
1381	1837	1764	
1241	356	886	
1170	1093	1240	
426	1568	719	
1232	697	1452	
424	809	1270	
1914	768	1629	
1107	624	767	
197	1217	611	
812	1711	1614	
198	651	654	
1534	1881	1012	
198	654	1319	
1620	199	1607	
1577	1866	848	
1640	414	109	
201	874	1618	
1967	1090	118	
202	804	448	
736	362	202	
1902	766	1541	
1884	203	1749	
765	900	429	
482	1003	929	
1478	1326	686	
10	1737	50	
206	1304	1884	
943	906	1512	
1683	1642	95	
1223	1268	1644	
1697	1283	1695	
40	405	1630	
209	927	1161	
887	839	431	
544	933	431	
210	431	839	
934	1696	56	
1879	1550	905	
1420	720	1689	
1243	212	949	
1545	1969	110	
1798	986	28	
1159	110	810	
48	1297	879	
1747	1984	1399	
46	1213	1437	
1601	882	787	
108	216	1143	
999	1548	1554	
1980	217	9	
218	122	964	
1238	1391	27	
961	1360	1651	
877	219	844	
220	457	974	
937	1328	661	
221	1782	1419	
1129	719	1568	
1491	1108	1293	
106	1433	1115	
1718	801	765	
1031	223	1858	
629	1255	320	
427	1335	112	
225	872	63	
488	1219	662	
428	902	497	
126	1390	1647	
227	813	1739	
813	227	1520	
1883	1309	1198	
123	830	466	
229	827	1273	
1971	1992	1101	
230	1734	107	
50	230	831	
231	1686	1466	
1750	1868	35	
743	956	1113	
1278	1301	953	
1135	1437	1213	
1115	1882	106	
234	747	861	
830	490	869	
1091	1896	845	
1097	1212	1324	
236	1009	1169	
1072	1623	114	
237	1639	513	
1790	1959	1585	
1555	1810	1402	
926	1203	115	
239	1813	649	
1499	920	800	
240	982	500	
120	1441	243	
1875	708	140	
1243	1263	127	
41	962	912	
1003	1398	105	
243	1587	120	
1743	1443	842	
244	1419	1782	
1016	1258	1030	
434	995	1008	
62	987	941	
973	1949	60	
109	1308	914	
1690	1689	720	
1199	1264	129	
1695	1289	1697	
1873	1889	1759	
1408	1961	682	
125	249	510	
113	250	979	
979	250	817	
1231	1168	989	
1042	1288	684	
424	104	1440	
789	994	1345	
1287	1799	1690	
893	253	130	
1559	254	594	
1757	1979	1857	
1418	1759	1889	
60	1146	973	
256	506	1160	
506	256	498	
257	1633	501	
1633	524	1807	
258	1933	780	
69	1281	665	
538	39	942	
509	259	1064	
260	1067	1155	
1679	944	37	
261	1032	18	
1075	536	137	
262	1276	1112	
130	1083	893	
263	543	736	
142	1050	331	
1035	1626	264	
271	518	138	
265	1954	834	
537	1122	1036	
1382	129	1014	
560	1674	734	
267	137	515	
137	550	1075	
268	1943	1354	
64	1714	135	
1532	1502	1906	
1354	1484	268	
760	165	546	
546	997	509	
271	1054	678	
271	153	504	
272	558	133	
24	1315	34	
1671	1132	574	
149	1132	1516	
1934	1130	1180	
147	1501	1513	
275	1824	1484	
1086	531	718	
1298	1025	13	
1567	1114	1430	
277	1615	545	
155	1244	693	
1220	1228	1730	
1530	278	1197	
279	1116	563	
128	1899	944	
280	593	725	
1065	597	1088	
1908	1318	1134	
1092	1581	991	
1666	562	1663	
1190	1900	617	
283	579	947	
1126	1693	1722	
615	1010	955	
1407	284	1038	
285	1138	7	
1644	1087	145	
286	1274	1803	
42	544	280	
287	1353	1512	
140	1928	1609	
288	1691	1328	
141	1691	1302	
1076	1462	1753	
146	289	1983	
628	599	342	
1109	290	150	
1520	1720	1421	
1073	1756	744	
634	1597	1652	
1070	1089	1535	
1088	597	165	
570	165	293	
294	1461	1669	
17	1174	1900	
1816	773	1294	
1763	1464	767	
296	161	669	
161	1507	1684	
1431	1373	715	
638	1989	159	
298	1983	1634	
26	1604	762	
1580	177	440	
1965	299	852	
1445	1262	1754	
1522	1250	694	
347	763	1208	
1403	301	337	
1387	1608	1930	
144	302	1222	
303	1815	614	
596	1870	171	
1710	1214	152	
1005	1921	1428	
305	8	848	
693	1894	155	
306	598	1784	
151	306	639	
678	633	153	
37	1181	1679	
1271	1974	1647	
1985	308	1411	
653	1561	105	
541	309	139	
1565	1148	186	
1748	1334	1564	
675	564	1725	
1888	311	1570	
1463	1513	1501	
1708	1993	1947	
313	1991	618	
1991	1820	1887	
314	1153	1142	
1923	1830	1178	
1536	884	1482	
600	1753	1462	
316	1303	187	
1518	695	1183	
1566	1467	573	
1494	1467	1200	
1177	1865	1850	
162	318	1321	
750	319	91	
91	319	1286	
1335	629	1313	
320	814	447	
1448	578	168	
5	321	1101	
1795	1665	980	
1684	322	161	
725	82	42	
639	323	151	
324	690	1062	
170	324	750	
325	1412	286	
1792	1412	391	
326	1852	1802	
1311	655	1523	
53	327	76	
591	817	1028	
328	1490	1229	
764	1246	1783	
329	584	319	
169	588	652	
1287	330	1007	
127	1435	212	
331	72	550	
520	604	72	
332	1670	1797	
332	1993	777	
754	1616	769	
176	548	1310	
334	1171	1344	
1544	334	191	
335	672	738	
1932	1302	1593	
336	95	677	
716	1675	1362	
337	154	1403	
670	735	75	
338	722	166	
722	338	108	
23	339	586	
1343	1703	1923	
340	1887	1820	
1543	1902	1125	
341	1395	45	
1222	1867	144	
342	1788	1952	
770	704	160	
343	1204	1426	
1719	343	1680	
344	732	1233	
1534	1336	198	
345	1920	1828	
1920	1342	1408	
346	1238	27	
1770	1238	1211	
1403	1139	1	
1984	865	1399	
1124	696	724	
1636	918	1517	
1497	11	1850	
1841	692	169	
350	1819	1203	
1819	1579	892	
1425	775	1291	
775	351	178	
352	734	1673	
36	1673	174	
1188	1660	196	
505	353	1188	
354	152	1214	
1672	667	1573	
355	1394	1479	
1457	1458	420	
1300	1392	1166	
193	356	1241	
357	1973	1941	
1649	1191	1678	
358	1290	173	
1145	744	1756	
398	841	1152	
1076	707	1423	
360	1583	1277	
1517	360	163	
361	1853	1660	
1560	938	1041	
202	362	804	
21	625	856	
363	1823	612	
1823	1406	1461	
343	1719	1459	
1161	364	11	
1066	1472	1977	
188	365	829	
1266	772	1786	
205	1729	1563	
1657	818	148	
34	1801	24	
1612	1551	1890	
1090	368	118	
369	879	1297	
1975	1429	820	
1074	370	1425	
745	1569	642	
371	889	690	
164	898	591	
1750	1686	231	
1380	727	1549	
373	1355	1473	
187	751	316	
1592	781	687	
194	374	1415	
1532	697	1084	
1446	815	1270	
376	723	585	
185	376	795	
377	1663	566	
1727	728	846	
378	808	1622	
1196	378	1586	
379	583	1888	
1741	668	19	
380	1837	193	
102	1913	181	
381	1891	157	
1154	90	1922	
1196	673	98	
192	1489	1498	
1230	798	1912	
1838	1912	798	
805	1347	1290	
787	1357	1601	
385	1493	1939	
1103	1147	229	
386	885	1331	
223	1834	885	
387	1682	441	
1620	1337	199	
388	171	1870	
1901	901	895	
389	1483	1373	
180	1531	959	
1335	1255	629	
1631	1299	649	
391	1105	1792	
831	1105	924	
392	19	1648	
352	932	1874	
393	802	622	
209	393	927	
394	79	861	
79	394	757	
395	1599	1464	
139	786	541	
396	791	214	
1545	1098	1269	
397	1325	1090	
4	1525	22	
856	189	21	
724	398	1152	
1856	1619	1616	
207	399	822	
400	794	1886	
1217	400	812	
1939	1540	385	
1972	1903	1614	
402	854	213	
52	1159	91	
1447	1162	1854	
220	403	1454	
404	1333	228	
1333	404	1006	
1366	1128	1839	
1630	405	208	
1480	793	1114	
168	406	1448	
122	1871	964	
1301	1192	1449	
408	912	76	
912	795	825	
409	788	1576	
156	409	1844	
204	487	410	
204	410	929	
411	1761	1651	
1515	1338	1986	
1396	214	1210	
850	412	1099	
1990	1460	1747	
870	413	1929	
922	1236	1387	
1236	414	1640	
789	183	1687	
876	1371	1208	
1215	1252	600	
822	96	207	
914	417	200	
1915	417	4	
418	1131	654	
1384	1774	1055	
419	224	1627	
1255	1335	427	
420	972	221	
1911	1364	1796	
421	1847	1376	
211	1550	1879	
1243	1156	241	
1968	422	1349	
423	1218	1612	
1453	1978	902	
1446	1589	195	
31	1095	1733	
425	1595	1851	
217	425	1617	
857	1625	1606	
111	426	719	
1165	813	1520	
1255	427	863	
428	226	902	
1738	1839	1641	
429	1350	765	
1834	223	84	
430	1421	1720	
1790	1639	237	
940	933	43	
210	839	878	
432	1926	1668	
239	920	1499	
433	1322	1280	
1416	1320	844	
942	1043	434	
942	434	245	
1257	1598	700	
1904	1909	167	
1420	1259	1435	
819	1777	1611	
437	737	233	
1164	864	1755	
438	1183	1624	
1157	1167	1768	
930	1443	59	
243	1363	1587	
440	1885	1580	
1717	1108	222	
441	1881	1319	
491	1141	1332	
442	1805	1930	
1117	646	1750	
1166	1113	1300	
236	443	1009	
444	1768	1167	
975	1751	1154	
445	1596	119	
1745	1918	561	
1963	1635	33	
929	1635	204	
825	1910	41	
756	1313	1700	
448	804	911	
995	263	202	
449	18	1032	
749	210	449	
450	1696	211	
1533	1292	288	
451	1393	701	
839	927	393	
452	14	1468	
829	1843	188	
1367	1449	1192	
1962	453	1831	
1980	1548	217	
1368	1706	1272	
455	117	1712	
1873	909	248	
456	866	1737	
1752	1102	1171	
539	1456	133	
1306	1955	1298	
121	458	907	
907	911	21	
459	1892	568	
1892	459	238	
460	1940	872	
917	1896	235	
461	222	1414	
222	1510	1717	
462	1721	1969	
213	954	1685	
951	1709	1242	
240	571	982	
464	826	1974	
235	886	1097	
465	871	540	
851	1992	1103	
466	1317	31	
228	1772	404	
467	1378	1250	
206	467	1304	
468	1876	1140	
1927	747	234	
1681	1149	65	
247	469	1689	
883	1840	107	
924	10	831	
969	873	1758	
251	1288	0	
966	472	1627	
899	472	601	
1118	1697	1289	
1261	1427	1630	
1365	840	1212	
1301	474	232	
1637	35	1868	
977	904	469	
476	1434	1162	
1434	476	102	
1307	1807	524	
1775	1817	1735	
478	1498	1489	
23	1285	339	
479	1628	1158	
1474	784	244	
480	985	1364	
218	480	706	
955	1726	615	
481	249	1485	
482	962	242	
53	482	910	
1314	1924	1976	
237	1959	1790	
484	1469	958	
893	484	253	
485	241	1156	
1039	1816	61	
486	1326	771	
1013	1397	1478	
487	54	625	
1031	801	223	
1831	1789	225	
118	1375	1967	
489	1702	828	
1638	1600	255	
941	894	62	
234	490	123	
1929	1135	870	
843	491	1332	
492	979	327	
113	492	960	
1294	61	1816	
1499	1813	239	
1093	857	970	
968	1093	439	
495	238	1810	
1729	1266	366	
496	1492	1017	
1308	1848	1572	
497	1859	428	
248	1889	1873	
498	1008	121	
245	987	62	
1725	1413	675	
1500	499	1001	
500	1951	1676	
1552	1184	1441	
1408	501	1961	
1664	832	1558	
502	1557	1623	
51	1692	1898	
512	1057	1556	
1474	1258	1495	
504	256	518	
1021	1006	1151	
505	242	41	
1398	1023	1524	
348	918	696	
121	506	498	
507	1140	1121	
1927	1440	950	
508	1479	1394	
260	1193	527	
509	1040	259	
511	1040	726	
1643	1051	1905	
1235	993	897	
511	913	896	
913	1050	543	
1359	1011	1746	
254	1034	1256	
513	253	1877	
1059	253	948	
1890	1715	1667	
255	1146	1638	
515	1028	267	
1028	250	971	
1827	1035	264	
516	1048	1035	
517	988	132	
258	517	1933	
256	1477	1054	
1626	1144	264	
519	1249	1233	
1584	1122	131	
604	520	997	
997	520	996	
521	1025	1298	
1808	1804	1954	
522	1084	275	
269	522	535	
1744	1038	1791	
1778	1168	251	
1984	1747	1460	
257	524	1633	
1317	1452	1925	
275	1282	1824	
526	1862	1473	
1281	1473	1862	
527	1067	260	
1104	2	1175	
528	1594	284	
1833	1487	1657	
1942	1764	867	
1757	1256	1979	
530	137	536	
515	137	530	
718	1060	990	
1645	1216	587	
30	261	532	
532	604	30	
533	1136	1605	
266	1046	560	
534	1276	1136	
551	262	1112	
535	1029	269	
1503	1744	1701	
1062	1085	324	
261	536	532	
537	1015	1122	
1917	1731	67	
538	259	39	
861	79	1044	
1356	1318	281	
974	539	1779	
540	1153	1432	
314	1432	1153	
541	1826	309	
33	1386	1385	
1306	1053	974	
272	1315	24	
543	142	971	
142	543	1050	
544	286	933	
286	544	42	
545	203	277	
1884	277	203	
136	760	546	
509	1064	546	
1173	32	595	
1732	1214	304	
548	176	15	
1310	548	333	
549	274	1624	
1130	1501	147	
550	267	142	
267	550	137	
551	1112	634	
262	551	663	
552	1150	349	
621	318	162	
1058	565	1179	
285	553	1138	
554	1723	124	
1723	554	268	
555	1172	1225	
128	1116	279	
556	74	1312	
1708	556	1513	
557	310	103	
1069	557	1334	
558	1340	1895	
24	558	272	
559	1341	1202	
287	1202	1341	
560	1444	266	
1444	1455	1094	
561	1341	708	
1341	1353	287	
1722	150	290	
1190	562	1666	
563	1080	135	
64	135	1080	
564	1207	1002	
1888	1068	311	
565	1124	724	
1124	565	1058	
566	1327	1946	
283	1693	1126	
567	1070	1245	
1535	1597	292	
1329	1066	1481	
1329	568	1742	
569	1937	1377	
1937	1894	693	
1032	30	570	
270	165	570	
931	1242	1709	
1242	931	1018	
572	132	808	
1530	1228	278	
573	1494	1426	
1200	1467	317	
1907	1078	577	
1507	574	1684	
1477	77	1054	
1773	575	608	
576	1661	1596	
1661	1244	1615	
1671	273	1132	
1422	577	1521	
1607	1106	674	
5	1106	321	
1658	143	80	
1126	579	283	
1656	42	82	
42	580	286	
581	326	1228	
278	1228	326	
582	1931	1580	
1931	1468	49	
583	9	179	
792	1741	19	
584	169	692	
169	584	329	
585	91	1159	
723	91	585	
586	297	1361	
297	1989	638	
587	279	563	
1899	1704	1956	
588	329	209	
329	588	169	
589	1677	567	
1501	1130	274	
590	1538	1562	
1538	590	310	
327	591	76	
76	591	898	
592	302	1387	
302	592	1222	
593	75	735	
760	1088	165	
594	1908	1559	
281	594	1092	
595	282	1190	
282	595	32	
596	1815	303	
1815	1842	1476	
544	1065	280	
293	165	597	
1755	1417	657	
151	598	306	
599	1109	961	
1109	599	628	
600	1571	1215	
1571	600	289	
601	291	899	
291	601	1506	
602	1271	1390	
308	602	1411	
603	276	1260	
276	1114	1567	
331	520	72	
604	532	72	
605	1316	461	
1316	605	1812	
791	1210	214	
110	606	1545	
607	1732	691	
304	691	1732	
608	1352	1773	
307	1181	37	
429	900	609	
765	1350	1718	
610	59	790	
1205	1138	553	
611	1593	1836	
1470	1593	1302	
612	1200	363	
317	1406	363	
1923	1153	1830	
160	613	1829	
614	1541	766	
1516	1132	273	
615	1821	1594	
1821	615	134	
616	221	1419	
1457	1394	355	
617	1280	68	
294	1174	1461	
1771	1133	1970	
155	1615	1244	
619	1611	1777	
144	1608	302	
620	1803	1274	
325	1869	1526	
162	552	621	
1163	621	1119	
622	324	1085	
324	802	750	
623	1610	27	
1610	1649	1206	
624	1209	196	
1524	624	1107	
625	362	960	
625	804	362	
626	376	854	
376	626	795	
1684	1665	322	
1842	627	1476	
628	290	1109	
1760	1952	143	
1897	1369	28	
447	1700	629	
1819	115	1203	
1794	630	1201	
1526	1412	325	
940	1564	1334	
632	1506	292	
1506	632	291	
1912	1956	1704	
1956	633	307	
634	1694	1597	
1694	1878	1296	
635	289	600	
298	1331	73	
636	1985	1913	
1985	636	308	
1459	1204	343	
1650	637	1148	
638	1373	297	
44	1273	827	
639	1632	323	
1632	1812	605	
640	381	25	
381	640	699	
641	1139	347	
1	1139	215	
642	1569	88	
745	642	1439	
643	1887	340	
1887	643	1749	
1462	1076	1185	
315	644	1176	
645	1406	317	
1406	645	1461	
646	1948	721	
1948	646	1117	
1508	300	1234	
300	647	685	
648	343	1426	
702	1267	1177	
649	1914	12	
361	1588	938	
1514	1451	798	
678	1054	77	
651	1346	418	
1346	1336	732	
652	588	349	
11	1497	588	
1409	309	1826	
624	1524	1209	
418	654	651	
387	1337	1620	
1295	1272	1706	
326	655	1852	
656	99	1022	
1515	656	1761	
657	1728	1164	
1728	1424	337	
658	1519	1658	
339	658	1343	
659	201	1618	
201	659	1111	
660	1349	1602	
341	660	824	
661	1260	1955	
1302	1691	1470	
1901	171	388	
1787	662	1219	
663	1323	262	
1323	1947	1993	
664	36	174	
1281	1253	1052	
69	1311	1662	
1311	1852	655	
390	1224	731	
1224	1631	1707	
1575	1173	175	
152	667	1672	
668	379	93	
379	668	583	
669	1206	1649	
296	669	1265	
670	154	337	
154	670	876	
671	299	582	
1332	671	843	
1939	85	1540	
85	672	335	
673	1845	742	
1845	673	382	
674	1682	387	
1442	674	1106	
675	1936	564	
1570	1466	689	
676	1526	1762	
631	1792	1860	
677	1215	336	
96	1642	207	
1451	1838	798	
633	678	307	
679	1129	1568	
1129	1364	1911	
680	1433	1316	
1510	1433	755	
681	1428	1921	
1428	681	1174	
1920	1509	1828	
1509	682	1110	
683	1125	1945	
26	683	298	
684	367	1487	
367	1801	34	
685	1262	300	
167	1522	1904	
686	1438	1478	
350	1579	1819	
687	1488	1391	
1191	1488	357	
456	1986	1338	
366	688	1729	
689	93	1570	
1380	1686	372	
170	371	690	
170	690	324	
691	338	607	
1861	1603	952	
1251	1841	1150	
349	1150	652	
693	8	305	
1767	1511	70	
694	1604	776	
1226	1604	26	
695	1247	549	
316	695	1518	
918	1636	1018	
753	918	348	
697	195	963	
195	697	1906	
698	1670	332	
174	698	664	
699	640	1163	
90	1163	640	
1598	1257	435	
885	1834	1331	
1137	1719	1680	
1148	1565	1348	
702	364	1137	
1850	702	1177	
703	1339	612	
166	703	1921	
704	1646	1555	
1788	704	770	
705	1846	603	
1846	705	1932	
706	1770	218	
1211	1238	346	
847	1370	1858	
359	1423	707	
708	20	561	
1968	1156	422	
709	1211	346	
407	1192	232	
710	1970	1133	
303	1870	596	
711	159	1989	
159	711	1178	
712	1675	146	
1675	712	1362	
713	1902	1541	
1902	713	1125	
714	1614	1711	
1614	714	1483	
715	1783	1246	
1783	715	1531	
716	1966	336	
1966	716	1907	
717	1739	112	
1739	717	1897	
1086	1883	1198	
383	1198	1309	
719	1950	111	
1950	1458	1457	
1689	1690	247	
330	720	1736	
721	436	1868	
1259	1777	819	
722	1849	1339	
1400	1143	1922	
723	185	371	
185	723	376	
724	189	856	
189	724	92	
725	323	1632	
323	725	735	
726	331	1050	
520	331	726	
727	372	35	
372	727	1380	
1946	377	566	
1471	728	811	
729	1310	333	
1973	357	1488	
730	1279	573	
334	730	191	
1707	1631	666	
1631	1224	390	
732	1336	1982	
97	1982	1336	
1011	512	1857	
502	733	1557	
1455	734	1874	
158	352	1662	
735	1096	1405	
1096	735	670	
736	202	263	
113	362	736	
1213	46	1	
1164	737	437	
738	1480	335	
406	1724	1448	
395	1609	1928	
295	739	1763	
740	1990	1747	
1990	740	97	
741	1736	1263	
1736	741	330	
742	1425	1291	
1425	742	1229	
956	743	474	
232	1871	407	
172	57	86	
358	86	1410	
745	1379	351	
1554	1379	999	
746	1447	100	
403	746	1454	
747	1687	183	
468	747	1876	
667	152	354	
1186	748	780	
293	597	449	
210	878	449	
170	750	91	
329	750	802	
1182	1100	1957	
373	751	187	
1388	1410	1098	
1410	752	358	
753	1583	360	
7	1583	348	
754	333	1616	
577	1422	1907	
755	1885	440	
1885	755	1433	
756	1897	717	
224	419	986	
75	394	876	
79	757	136	
1147	1493	385	
81	1971	796	
1518	1303	316	
78	759	1603	
165	270	546	
760	593	1088	
761	175	1173	
1727	761	377	
762	1749	643	
206	1378	467	
347	1208	1189	
1371	1189	1208	
764	1863	1825	
1863	764	180	
765	204	900	
487	960	410	
766	313	614	
313	1820	1991	
767	1464	1107	
1599	1107	1464	
768	1465	1629	
505	768	353	
1422	1683	95	
207	769	399	
770	80	143	
1829	770	160	
486	1844	853	
1869	1762	1526	
772	205	1438	
1563	1729	688	
773	66	1294	
66	1763	767	
774	1795	1367	
322	774	1206	
775	38	1291	
38	1935	1220	
776	1598	435	
1598	776	1226	
777	312	1182	
312	777	1708	
778	1781	214	
850	1099	1237	
779	397	1529	
397	779	1325	
780	1528	1186	
1528	1355	373	
1941	1170	1880	
194	781	1592	
782	94	1554	
1368	782	454	
783	1964	1498	
1964	1246	764	
1419	1225	616	
479	784	1495	
785	1779	1356	
220	785	403	
1754	1202	1445	
395	786	139	
384	787	805	
173	1180	1130	
1872	1656	82	
156	788	409	
789	1345	183	
415	1345	6	
1277	1363	463	
439	790	1254	
805	396	384	
1210	791	1388	
792	454	1741	
454	1706	1368	
793	168	838	
168	793	406	
794	197	923	
1699	1217	812	
795	408	185	
408	795	912	
1448	321	578	
1101	796	1971	
797	1321	318	
1321	797	1330	
798	16	1514	
1333	1309	1883	
799	1171	334	
107	799	883	
976	483	1546	
1924	800	1527	
801	487	765	
1031	54	801	
802	209	329	
209	802	393	
803	1965	89	
1981	14	803	
804	21	911	
804	625	21	
1347	805	787	
396	805	791	
806	188	5	
188	806	365	
807	1381	1764	
1381	1392	833	
808	98	572	
673	1196	382	
507	1121	58	
1270	809	1589	
214	1396	778	
854	1969	1721	
811	1713	1471	
1713	1489	192	
1217	1699	611	
1699	1903	881	
813	112	1739	
112	1705	427	
1910	1707	666	
814	320	190	
815	1446	1123	
375	1123	1446	
816	380	1958	
380	816	1195	
817	327	979	
327	817	591	
818	1893	1372	
1893	818	367	
1777	1259	436	
212	819	949	
820	1601	48	
444	1751	1768	
821	1111	1551	
1111	821	1248	
1642	96	416	
96	822	1239	
1592	374	194	
1568	823	679	
1395	70	576	
1222	824	660	
825	447	814	
1700	825	626	
1647	1091	126	
886	826	464	
827	1776	29	
81	1147	758	
828	1374	489	
425	828	1617	
803	14	452	
1843	1742	49	
123	466	1733	
466	830	1317	
831	1860	1105	
184	1227	87	
832	345	1919	
345	1342	1920	
833	356	193	
1582	833	1194	
834	1187	265	
418	1774	1131	
1639	116	430	
116	835	432	
945	1155	1951	
111	836	426	
837	100	1447	
1533	1696	450	
1384	1131	1774	
199	838	1864	
839	393	878	
927	839	887	
1324	3	63	
1278	840	1365	
565	1152	1179	
182	841	1496	
842	1268	1619	
930	842	1443	
843	437	491	
233	491	437	
844	1102	877	
1102	1344	1171	
845	126	1091	
1978	1218	423	
846	1716	1575	
1196	1586	382	
1423	1185	1076	
386	847	885	
848	22	305	
1915	1866	200	
849	1248	821	
1248	849	917	
850	1297	412	
1297	850	369	
851	1977	1472	
465	851	1103	
1079	1766	1682	
1766	1141	1987	
853	1491	1293	
1491	1576	1414	
854	402	626	
110	1159	1396	
855	1553	1566	
433	855	1416	
856	398	724	
398	856	54	
857	1415	1625	
1415	857	194	
858	1881	441	
1881	858	1012	
859	1450	1004	
1450	859	981	
860	484	958	
1542	860	992	
1064	1044	79	
394	861	183	
862	1389	392	
1389	1549	1094	
863	390	731	
390	863	946	
1784	1115	680	
437	864	1164	
1221	1189	6	
347	865	1984	
866	50	1737	
1734	1752	107	
867	1195	1358	
1195	867	380	
868	1236	200	
1236	868	1387	
869	1988	1120	
404	1151	1006	
870	1460	413	
215	1213	1	
871	229	1818	
1103	871	465	
872	1809	460	
1375	1789	488	
1746	1231	1359	
251	873	471	
874	1613	928	
4	1325	779	
1413	231	1466	
1117	1805	442	
876	183	415	
183	876	394	
877	1360	219	
411	1338	1515	
878	18	449	
878	393	622	
1855	48	1357	
1975	1330	1429	
880	1165	116	
427	1668	863	
881	1903	1776	
1972	1776	1903	
882	1578	1934	
438	1167	1157	
883	470	1840	
1562	1621	590	
884	1239	145	
1239	1176	96	
1257	1718	1350	
1031	1858	1370	
886	464	1241	
826	886	235	
927	1393	451	
103	887	940	
888	455	642	
455	888	909	
515	889	164	
164	889	898	
890	238	495	
1203	890	350	
891	167	609	
1909	429	167	
892	1201	630	
440	1108	1717	
893	1469	484	
1469	893	1284	
894	234	861	
234	894	490	
895	488	1901	
1789	1375	1809	
896	434	1043	
434	896	995	
58	252	507	
1775	897	477	
898	371	185	
371	898	889	
899	1591	472	
227	899	1520	
446	609	900	
1826	1635	929	
1525	1377	1937	
388	901	1901	
1450	1667	1004	
845	1978	1453	
903	125	1905	
1485	903	1726	
904	475	1420	
475	904	977	
905	1886	794	
1886	905	405	
1512	1508	1234	
467	906	1304	
907	92	918	
92	907	189	
908	421	1376	
421	1641	1128	
909	117	455	
117	1873	1759	
910	410	492	
410	910	482	
911	458	448	
458	911	907	
962	41	242	
41	912	825	
913	263	995	
263	913	543	
200	417	1915	
1572	914	1308	
915	1711	40	
1711	915	714	
916	1166	807	
443	916	1557	
917	1940	460	
63	1097	1324	
907	918	121	
121	918	506	
919	226	908	
226	919	1453	
920	1585	1959	
1585	1793	1926	
921	1486	1283	
1486	1839	1738	
922	414	1236	
1832	1930	1805	
923	1879	905	
450	1292	1533	
1227	1840	470	
50	831	10	
925	485	295	
241	1816	1039	
926	1537	1504	
1537	926	115	
927	451	1161	
1393	927	887	
928	1618	874	
496	1848	1492	
929	1409	1826	
1409	929	1003	
59	1443	1254	
842	930	1268	
1035	1827	1401	
1441	1709	463	
932	1505	392	
1505	1523	1295	
210	749	431	
597	544	749	
934	1847	1696	
1376	934	602	
935	1366	921	
1366	935	208	
936	486	853	
1326	936	1579	
1328	937	746	
974	457	1306	
938	1853	361	
196	1853	1785	
939	257	501	
1938	501	993	
940	431	933	
431	940	887	
941	490	894	
490	941	1021	
942	62	538	
62	942	245	
943	445	906	
445	943	957	
944	1383	128	
1383	1193	1479	
945	1552	1606	
1552	945	1184	
1299	239	649	
239	1299	1793	
947	1814	1327	
1020	1285	23	
1059	1296	1878	
116	1639	835	
212	1243	127	
422	1602	1349	
830	123	490	
1927	950	747	
951	463	1709	
790	1363	610	
952	108	1861	
1157	1183	438	
3	1962	63	
1962	953	453	
1098	1545	606	
462	954	1721	
955	481	1485	
682	1961	481	
956	1365	1194	
232	474	743	
957	45	1395	
45	957	943	
958	1822	1799	
247	1149	469	
959	473	1953	
473	959	1261	
960	492	410	
113	960	362	
961	219	1360	
1416	1322	433	
53	76	912	
53	962	482	
963	1925	1452	
1925	963	1095	
964	1698	1475	
1698	1113	443	
965	1142	1402	
459	965	238	
1627	472	1591	
1145	1269	1098	
344	967	1187	
1122	1584	1249	
1093	968	1240	
15	1743	1856	
969	471	873	
471	969	1895	
970	494	120	
1093	970	439	
971	250	736	
817	250	1028	
972	55	51	
55	972	420	
973	246	1001	
246	1492	1848	
1547	13	67	
1955	1306	457	
975	1768	1751	
216	1922	1143	
976	1546	493	
483	1499	800	
977	1654	475	
1654	1199	727	
978	109	414	
1500	978	499	
736	250	113	
113	979	492	
1367	980	1449	
1219	980	1665	
981	1695	1283	
248	981	859	
1827	1104	1401	
500	1184	1951	
983	1854	1162	
56	983	1411	
984	1558	832	
501	1408	939	
985	1475	236	
1475	985	480	
986	1798	224	
213	1685	402	
987	498	256	
498	987	245	
1575	1573	667	
258	988	517	
989	1359	1231	
503	1258	1474	
1351	990	1282	
525	1019	1033	
281	1092	1356	
476	991	102	
860	1542	1877	
1527	992	1007	
1938	993	510	
510	993	1235	
994	477	1740	
477	994	1775	
995	448	1008	
995	202	448	
996	520	726	
997	996	509	
604	997	270	
546	270	997	
998	208	935	
1261	998	473	
999	1595	1548	
1595	1712	1851	
1000	1574	355	
260	1000	1193	
1001	499	1960	
1500	1001	246	
1002	60	1949	
60	1702	489	
1003	482	242	
929	410	482	
1004	1418	1889	
255	1715	514	
1005	1428	547	
1835	547	17	
16	1127	1514	
1127	1006	1021	
992	1527	1542	
800	1924	483	
245	434	1008	
245	1008	498	
236	1169	1796	
1169	1009	733	
955	71	1110	
1833	1594	528	
733	502	1556	
1746	1979	1034	
1012	1275	1135	
1275	1012	858	
1013	1563	1916	
1563	1013	205	
1681	1014	1264	
1264	1014	129	
1015	1372	542	
1122	1731	131	
1016	1628	479	
124	1016	1030	
1017	1890	1551	
514	1146	255	
1018	506	918	
506	1144	1626	
1019	1988	1772	
1988	1019	1120	
1020	1361	783	
1285	1020	478	
1021	256	1127	
256	1021	987	
1022	495	1810	
1266	495	99	
1061	242	505	
242	1023	1003	
823	1800	679	
1800	1024	706	
1025	1917	13	
1917	1808	1954	
271	138	1054	
1477	1659	77	
1027	1769	1558	
1769	1027	524	
164	1028	515	
267	1028	971	
1029	1502	269	
1502	1791	1821	
1030	523	124	
1503	1168	1778	
487	801	54	
398	54	1031	
293	1032	570	
1032	261	30	
1033	275	1232	
275	1033	1282	
1758	1559	1134	
1256	1034	1979	
240	264	571	
516	1026	1048	
1036	1828	1509	
1249	519	1036	
1681	1037	1014	
266	1136	533	
1038	0	1407	
1168	1503	523	
925	241	485	
1263	1944	741	
1040	509	996	
259	1040	39	
1041	493	1560	
493	1041	976	
1042	1407	0	
528	1487	1833	
1043	39	1040	
1043	942	39	
1044	538	894	
538	1044	259	
1140	104	1121	
809	1045	1733	
1046	1797	1670	
533	1046	266	
1047	1688	527	
1688	1047	1181	
1048	1026	506	
1160	506	1026	
1687	1735	1817	
950	104	1876	
1050	511	726	
511	1050	913	
1051	1643	1121	
58	1121	1643	
1253	69	36	
526	1473	1355	
1456	1404	133	
1404	1547	542	
1773	1659	575	
1659	1477	1160	
1055	1567	1430	
521	1804	1808	
1056	1197	1802	
1197	1056	1933	
1057	1898	1692	
784	1474	1495	
696	285	348	
285	1124	553	
948	253	513	
253	1059	130	
1060	1590	1484	
1590	1060	531	
101	1465	41	
242	1061	1023	
1062	530	536	
530	1062	889	
1063	1354	1943	
535	1744	1029	
1064	259	1044	
136	546	1064	
597	1065	544	
593	280	1065	
1066	365	1472	
1329	1481	568	
1067	1175	2	
1175	1067	527	
1765	179	1617	
1936	1207	564	
470	1748	1227	
557	1538	310	
567	1245	589	
86	1245	172	
1071	1600	1374	
1600	1071	1418	
1072	1764	1942	
502	1757	1857	
1073	1535	292	
172	1535	744	
351	370	745	
1569	1825	1863	
1075	532	536	
532	1075	72	
1496	315	182	
315	707	644	
1650	191	637	
191	1077	1544	
1078	296	1265	
1507	1671	574	
852	89	1965	
1442	1079	674	
1080	1158	64	
555	1116	1172	
1081	631	1860	
933	1081	43	
1082	1942	1358	
529	1256	1072	
1083	1284	893	
1136	1276	1605	
697	1532	1906	
269	1084	522	
1085	261	18	
261	1085	536	
718	531	1060	
1216	1198	383	
1536	1179	1152	
553	1058	1205	
1065	1088	593	
593	757	75	
74	1652	1312	
1312	1089	1070	
1090	201	368	
201	1090	874	
1091	235	1896	
235	1091	826	
1092	476	785	
476	1092	991	
970	857	494	
857	1093	1170	
1094	727	1199	
727	1094	1549	
1095	809	1733	
809	1095	1589	
1096	337	1424	
337	1096	670	
1097	917	235	
917	1097	1940	
1410	1388	752	
791	752	1388	
1099	778	1286	
778	1099	412	
1100	373	1052	
373	1100	751	
1101	321	796	
5	1101	806	
1102	456	877	
456	1102	1752	
1103	229	871	
1147	1103	758	
1104	500	2	
500	1104	1827	
1105	676	1916	
676	1105	391	
1106	5	1436	
321	1106	578	
1785	624	196	
653	1107	1599	
1108	892	1293	
892	1108	1201	
1109	68	961	
68	1109	150	
71	955	1010	
955	1110	481	
1111	368	201	
368	1111	1248	
1112	130	1878	
130	1112	1083	
1113	964	743	
964	1113	1698	
1114	603	1480	
603	1114	276	
1115	437	1882	
437	1115	864	
1116	1080	563	
1080	1116	555	
1117	231	875	
231	1117	1750	
1118	642	88	
642	1118	888	
1119	1267	1891	
648	1891	1267	
1120	830	869	
830	1120	1317	
1121	424	1051	
424	1121	104	
537	1036	1780	
1036	1122	1249	
1123	615	1726	
615	1123	134	
1124	285	696	
553	1124	1058	
1125	26	1543	
26	1125	683	
1126	143	579	
143	1126	1760	
1127	256	650	
504	650	256	
1128	905	1550	
905	1128	405	
1129	420	1458	
420	1129	1911	
1130	589	173	
589	1130	1677	
1131	199	1337	
199	1131	1384	
1132	614	47	
614	1132	149	
1133	155	1894	
155	1133	618	
1134	558	1895	
558	1134	1318	
1135	233	1437	
233	1135	1275	
1136	1037	534	
1037	1136	1382	
1719	451	701	
451	1137	1161	
1138	610	7	
610	1138	59	
1403	1	301	
215	1139	641	
1140	1049	468	
1049	1140	507	
1141	852	1332	
852	1141	1766	
1142	459	314	
459	1142	965	
1143	722	108	
722	1143	1849	
1144	1018	571	
1018	1144	506	
1145	472	966	
472	1145	1756	
1146	1017	1492	
1017	1146	514	
1147	827	229	
827	1147	385	
1148	590	1650	
590	1148	1348	
1149	958	65	
958	1149	1822	
1150	162	1251	
162	1150	552	
1151	869	1021	
869	1151	1988	
1152	565	724	
1536	1482	1179	
1153	160	1142	
160	1153	613	
1922	90	1400	
90	1154	797	
1155	111	1574	
111	1155	836	
1156	708	1875	
708	1156	1968	
1157	108	952	
108	1157	216	
1158	555	479	
555	1158	1080	
1159	810	585	
854	585	810	
1160	1477	256	
1026	1659	1160	
1161	11	209	
588	209	11	
1162	785	476	
785	1162	403	
1163	318	621	
318	1163	90	
1164	46	737	
657	1164	1755	
1165	880	1705	
427	1705	880	
1166	443	1113	
443	1166	916	
1167	882	444	
882	1167	1578	
1168	1030	989	
1030	1168	523	
1169	51	55	
51	1169	1692	
1170	194	857	
194	1170	781	
1171	107	1752	
107	1171	799	
1172	128	508	
128	1172	1116	
1173	354	1835	
354	1173	667	
1174	617	1900	
617	1174	294	
1676	2	500	
1104	1175	608	
1176	884	315	
884	1176	1239	
1177	621	1865	
621	1177	1119	
1178	871	1818	
871	1178	1830	
1179	1087	1058	
1205	1058	1087	
1180	787	882	
787	1180	1347	
1688	608	1175	
608	1181	1352	
1182	751	1100	
751	1182	1247	
1183	952	759	
952	1183	1157	
1184	982	1441	
982	1184	500	
1185	386	635	
386	1185	847	
1186	152	748	
152	1186	1710	
1187	418	344	
418	1187	1774	
1188	353	1660	
505	1188	1061	
763	347	1139	
347	1189	865	
1190	150	562	
150	1190	617	
1191	729	1678	
729	1191	1310	
1192	709	1367	
709	1192	407	
1047	1193	1679	
944	1679	1383	
1194	833	1300	
1582	1194	1212	
1195	102	991	
102	1195	816	
1196	808	378	
808	1196	98	
1530	517	132	
517	1197	1933	
1883	1086	718	
1198	1645	1086	
1199	977	1264	
977	1199	1654	
1200	381	157	
381	1200	1655	
1201	440	177	
440	1201	1108	
1202	395	1928	
395	1202	786	
1203	238	890	
238	1203	1892	
1204	637	730	
191	730	637	
1205	59	1138	
59	1205	930	
1206	161	322	
161	1206	669	
1207	1068	1765	
1068	1207	1936	
1208	154	876	
154	1208	763	
1209	1188	196	
1061	1209	1023	
1210	110	1396	
110	1210	606	
1211	407	122	
407	1211	709	
1212	886	1582	
886	1212	1097	
1213	870	1135	
870	1213	215	
1214	547	354	
547	1214	1005	
1215	416	1252	
416	1215	677	
1645	1198	1216	
531	1086	1645	
1217	794	400	
794	1217	197	
1218	845	849	
845	1218	1978	
1219	453	980	
453	1219	1831	
1220	581	1228	
581	1220	94	
1221	865	1189	
865	1221	1399	
1222	70	824	
70	1222	1539	
1223	822	399	
822	1223	1239	
1224	190	731	
320	731	190	
1225	479	555	
479	1225	784	
1226	298	73	
298	1226	26	
1227	831	230	
831	1227	184	
1228	572	1730	
572	1228	1530	
1229	742	1845	
1425	1229	1074	
1230	383	798	
383	1230	1216	
1231	251	1168	
251	1231	873	
1452	697	963	
697	1232	1084	
1233	1919	519	
345	519	1919	
1234	287	1512	
287	1234	1445	
1235	58	510	
1775	1235	897	
868	200	1866	
200	1236	1640	
1237	692	1251	
584	1237	1099	
1238	706	1391	
706	1238	1770	
884	145	1482	
145	1239	1223	
1240	15	1880	
15	1240	1743	
1241	380	193	
380	1241	1958	
1242	163	951	
360	951	163	
1243	422	1156	
422	1243	949	
1244	576	1511	
576	1244	1661	
1245	86	358	
172	1245	1070	
1246	783	1431	
783	1246	1964	
1247	316	751	
316	1247	695	
1248	460	368	
460	1248	917	
1249	967	1233	
967	1249	1584	
1250	647	1508	
647	1250	1522	
1251	850	1237	
850	1251	369	
1252	416	1176	
96	1176	416	
1253	664	1100	
664	1253	36	
1254	790	59	
1587	790	439	
1255	731	320	
731	1255	863	
1256	529	254	
1082	254	529	
1257	700	1718	
84	1718	700	
1258	989	1030	
989	1258	503	
1259	212	1435	
212	1259	819	
1260	141	603	
141	1260	661	
1261	208	998	
208	1261	1630	
1262	685	891	
167	891	685	
1263	241	1039	
241	1263	1243	
1264	469	1149	
469	1264	977	
1265	577	1078	
577	1265	729	
99	495	1022	
495	1266	1786	
1267	1680	648	
343	648	1680	
1268	399	1619	
399	1268	1223	
1269	966	462	
966	1269	1145	
1270	1051	424	
1051	815	1905	
1271	308	636	
308	1271	602	
1272	326	581	
326	1272	655	
1273	638	159	
638	1273	44	
1274	580	156	
580	1274	286	
1275	1141	233	
491	233	1141	
1276	1083	1112	
1083	1276	534	
1277	951	360	
951	1277	463	
1278	3	840	
3	1278	953	
1279	334	1320	
334	1279	730	
1280	294	1669	
294	1280	617	
1281	69	1253	
665	1281	1862	
1282	990	1824	
1351	1772	990	
1283	935	921	
935	1283	1697	
1284	534	1037	
534	1284	1083	
1285	947	1519	
947	1285	1814	
1286	319	1099	
584	1099	319	
1799	992	860	
992	1287	1007	
1288	471	1340	
471	1288	251	
1289	888	1118	
888	1289	909	
1290	752	791	
752	1290	358	
1291	673	742	
673	1291	98	
1292	923	1836	
923	1292	1879	
1293	936	853	
936	1293	892	
1294	1560	61	
493	61	1560	
1295	655	1272	
655	1295	1523	
1296	430	1720	
430	1296	1059	
1297	1855	1781	
396	1781	1855	
1298	276	521	
276	1298	1260	
1299	390	946	
390	1299	1631	
1300	956	1194	
956	1300	1113	
1301	232	1192	
474	1301	1278	
1302	705	141	
705	1302	1932	
1303	78	1186	
78	1303	759	
1304	445	119	
445	1304	906	
1305	1045	1927	
1045	1305	1733	
1306	13	1053	
13	1306	1298	
1307	477	1807	
1740	1307	1221	
1308	246	1848	
246	1308	1500	
1309	798	383	
798	1309	16	
1310	357	176	
357	1310	1191	
1311	158	1662	
158	1311	1523	
1312	567	556	
567	1312	1070	
1313	756	717	
1700	1369	756	
1314	483	1924	
483	1314	1546	
1315	542	1372	
542	1315	1404	
1316	306	680	
306	1316	1812	
1317	1019	525	
1019	1317	1120	
1318	133	558	
133	1318	539	
1319	387	441	
1337	1319	654	
1320	855	1279	
855	1320	1416	
1321	369	1251	
369	1321	1330	
1322	961	68	
961	1322	219	
1323	332	1797	
332	1323	1993	
1324	840	3	
840	1324	1212	
1325	874	1090	
874	1325	1613	
1326	486	936	
771	1326	1397	
1327	283	947	
283	1327	566	
1328	746	100	
1454	746	937	
1329	365	1066	
365	1329	829	
1330	879	369	
879	1330	1975	
1331	1634	386	
635	386	1634	
1332	299	671	
299	1332	852	
1333	16	1309	
16	1333	1006	
1334	557	940	
470	1334	1748	
1335	717	112	
717	1335	1313	
1336	651	198	
651	1336	1346	
1337	654	1131	
1319	1337	387	
1338	877	456	
877	1338	1360	
1339	166	722	
166	1339	703	
1340	24	1801	
24	1340	558	
1341	559	708	
140	708	559	
1342	832	1664	
832	1342	345	
1343	711	339	
711	1343	1178	
1344	844	1320	
844	1344	1102	
1817	789	1687	
183	1345	415	
1346	344	418	
344	1346	732	
1347	173	1290	
173	1347	1180	
1348	310	590	
310	1348	103	
1349	341	1745	
341	1349	660	
1350	429	1909	
609	167	429	
1351	1033	1019	
1033	1351	1282	
1352	307	678	
307	1352	1181	
1353	561	1918	
561	1353	1341	
522	1063	535	
1063	522	1354	
1355	780	526	
780	1355	1528	
1356	539	1318	
539	1356	1779	
1855	384	396	
384	1357	787	
1358	991	1581	
991	1358	1195	
1359	503	512	
503	1359	989	
1360	411	1651	
411	1360	1338	
1361	23	586	
23	1361	1020	
1362	713	149	
713	1362	712	
463	243	1441	
1587	1363	790	
1364	679	1800	
679	1364	1129	
1365	474	1278	
474	1365	956	
1366	405	1128	
405	1366	208	
1449	980	453	
980	1367	1795	
1368	94	782	
94	1368	581	
756	1369	1897	
28	1369	626	
1370	1423	1031	
359	1031	1423	
1189	415	6	
415	1371	876	
1372	537	818	
537	1372	1015	
1373	44	389	
44	1373	638	
1374	425	1851	
425	1374	828	
1375	895	1967	
895	1375	488	
1376	602	919	
934	1376	1847	
1377	901	569	
388	569	901	
1378	762	1604	
762	1378	206	
1379	745	1439	
351	1379	178	
1380	93	689	
93	1380	862	
1381	193	1837	
193	1381	833	
1382	266	1444	
266	1382	1136	
1383	508	128	
508	1383	1479	
1384	838	199	
838	1384	1430	
1385	891	446	
891	1385	1262	
1386	541	1754	
541	1386	33	
1387	302	1608	
592	1387	868	
1388	606	1210	
606	1388	1098	
862	392	1648	
392	1389	1874	
1390	919	602	
919	1390	1453	
1391	1024	687	
1024	1391	706	
1392	807	1166	
807	1392	1381	
1565	103	1348	
103	1565	887	
1394	616	508	
616	1394	221	
1395	824	70	
824	1395	341	
1396	52	778	
52	1396	1159	
1397	1013	676	
1478	1397	1326	
1524	1023	1209	
1023	1398	1003	
1399	524	1027	
524	1399	1307	
1400	640	25	
640	1400	90	
1401	575	516	
575	1401	1104	
1402	704	1555	
704	1402	160	
1403	763	1139	
763	1403	154	
1404	272	133	
272	1404	1315	
1405	323	735	
323	1405	151	
317	363	1200	
363	1406	1823	
1407	528	284	
528	1407	1042	
1961	501	1938	
939	1408	1342	
1409	105	1561	
105	1409	1003	
1410	86	1098	
57	1098	86	
1411	934	56	
934	1411	602	
1412	631	933	
1081	933	631	
1413	1725	875	
978	875	1725	
1414	788	1656	
788	1414	1576	
1415	426	1625	
426	1415	374	
1416	219	1322	
219	1416	844	
1417	598	1405	
151	1405	598	
1418	255	1600	
1715	1418	1004	
1419	784	1225	
784	1419	244	
1420	436	1259	
436	1420	475	
1421	116	1165	
116	1421	430	
1422	754	1683	
754	1422	1521	
1423	1370	1185	
847	1185	1370	
1424	657	1417	
657	1424	1728	
1425	351	775	
351	1425	370	
1426	730	573	
730	1426	1204	
1427	959	1531	
959	1427	1261	
1428	17	547	
17	1428	1174	
1429	797	1154	
797	1429	1330	
1430	793	838	
793	1430	1114	
1431	297	1373	
297	1431	1361	
1432	1066	1977	
1481	1432	314	
1433	680	1115	
1316	1433	1510	
1434	983	1162	
983	1434	181	
1435	720	1420	
720	1435	1736	
1436	803	89	
803	1436	1981	
1437	737	46	
737	1437	233	
1438	350	890	
350	1438	686	
1439	455	1712	
455	1439	642	
1876	104	1140	
424	1440	809	
243	463	1363	
1709	1441	982	
1442	89	1079	
89	1442	1436	
1443	968	1254	
439	1254	968	
1444	129	1382	
129	1444	1094	
1445	300	1262	
300	1445	1234	
1446	195	375	
1589	1446	1270	
1447	403	1162	
403	1447	746	
1448	796	321	
796	1448	1724	
1449	953	1301	
953	1449	453	
1450	497	1667	
497	1450	1859	
1838	504	153	
650	1451	1514	
1232	525	1033	
525	1232	1452	
1453	126	845	
126	1453	1390	
1454	457	220	
457	1454	937	
1455	560	734	
560	1455	1444	
1456	974	1053	
974	1456	539	
1457	221	1394	
221	1457	420	
1458	719	1129	
719	1458	1950	
1459	637	1204	
637	1459	1148	
1460	215	641	
215	1460	870	
1461	681	1823	
681	1461	1174	
1753	600	1252	
635	1462	1185	
1463	312	1513	
312	1463	1182	
1464	739	395	
739	1464	1763	
1465	101	1629	
41	1465	505	
1466	675	1413	
675	1466	311	
1566	573	1279	
573	1467	1494	
1468	582	452	
582	1468	1931	
1469	65	958	
65	1469	1284	
1470	288	1292	
288	1470	1691	
1471	846	728	
377	728	1727	
1472	1992	851	
806	1472	365	
1473	1052	373	
1052	1473	1281	
1474	1057	503	
1057	1474	1898	
1475	218	964	
218	1475	480	
1476	574	1132	
574	1476	627	
256	138	518	
256	1054	138	
1478	205	1013	
205	1478	1438	
1479	1000	355	
1000	1479	1193	
1480	406	793	
406	1480	738	
1481	314	459	
1432	1481	1066	
1482	1087	1179	
1087	1482	145	
1483	715	1373	
715	1483	1531	
275	1354	522	
1354	275	1484	
1485	125	903	
125	1485	249	
1486	428	1859	
428	1486	1738	
1487	1042	684	
1042	1487	528	
1488	27	1391	
27	1488	623	
1489	811	1814	
811	1489	1713	
1490	764	1825	
764	1490	1964	
1491	222	1108	
222	1491	1414	
1492	973	1146	
973	1492	246	
1493	81	1724	
81	1493	1147	
1494	157	648	
157	1494	1200	
1495	1016	479	
1016	1495	1258	
1496	841	398	
315	1496	707	
1497	349	588	
349	1497	1865	
1498	1020	783	
1020	1498	478	
1499	976	1813	
976	1499	483	
1500	109	978	
109	1500	1308	
1501	549	1463	
549	1501	274	
1502	134	1906	
134	1502	1821	
1503	1038	1744	
1038	1503	1778	
1504	568	926	
568	1504	1742	
1505	19	392	
19	1505	792	
1506	1073	292	
1073	1506	601	
1671	296	1078	
296	1507	161	
1508	467	1250	
467	1508	906	
1509	148	1780	
148	1509	1110	
1510	461	1316	
461	1510	222	
1511	693	1244	
693	1511	8	
1512	906	1508	
943	1512	1353	
1513	556	147	
1708	1513	312	
1451	650	504	
650	1514	1127	
1515	99	656	
99	1515	366	
1516	716	1362	
716	1516	273	
1517	753	360	
753	1517	918	
1518	759	1303	
759	1518	1183	
1519	339	1285	
339	1519	658	
1520	291	1720	
291	1520	899	
1521	333	754	
333	1521	729	
1522	685	647	
685	1522	167	
1523	932	158	
932	1523	1505	
1524	653	1398	
653	1524	1107	
1525	779	1377	
779	1525	4	
1526	391	1412	
391	1526	676	
1527	237	1542	
237	1527	1959	
1528	187	1303	
187	1528	373	
1529	901	1377	
901	1529	895	
1530	132	572	
517	1530	1197	
1531	714	1427	
714	1531	1483	
1532	269	1502	
269	1532	1084	
1533	100	837	
100	1533	288	
1534	97	1336	
97	1534	1929	
1535	172	1070	
744	1535	1073	
1536	182	884	
182	1536	841	
1537	49	1504	
49	1537	1931	
1538	1069	1562	
1069	1538	557	
1539	592	1577	
592	1539	1222	
1540	881	1776	
881	1540	401	
1541	149	713	
149	1541	614	
1542	237	1877	
513	1877	237	
1543	643	340	
643	1543	762	
1544	799	334	
799	1544	1621	
1545	462	1969	
462	1545	1269	
1546	61	493	
61	1546	1944	
1547	1053	13	
1456	1547	1404	
1548	782	1554	
782	1548	1980	
1549	862	1380	
862	1549	1389	
1550	421	1128	
421	1550	211	
1551	659	1017	
659	1551	1111	
1552	120	494	
120	1552	1441	
1553	433	1669	
433	1553	855	
1554	178	1379	
178	1554	94	
1555	1022	1810	
1022	1555	656	
1057	512	503	
512	1556	1857	
1557	1009	443	
1009	1557	733	
1558	740	1027	
740	1558	984	
594	254	1082	
254	1559	1034	
1560	1294	1811	
66	1811	1294	
1561	309	1409	
309	1561	139	
1562	470	883	
470	1562	1069	
1563	10	1916	
10	1563	1737	
1564	43	87	
1081	184	43	
1565	701	1393	
701	1565	186	
1566	317	1467	
317	1566	1553	
1567	521	276	
1804	1567	1055	
1568	374	823	
374	1568	426	
1569	370	1074	
370	1569	745	
1570	379	1888	
379	1570	93	
1571	146	1675	
146	1571	289	
1572	417	914	
417	1572	1613	
1573	988	1672	
258	1672	988	
1574	260	1155	
260	1574	1000	
1575	667	1173	
1573	1575	1716	
1576	853	409	
853	1576	1491	
1577	868	1866	
868	1577	592	
1578	438	1624	
438	1578	1167	
1579	686	1326	
686	1579	350	
1580	671	582	
671	1580	106	
1581	594	1082	
594	1581	1092	
1582	356	833	
356	1582	886	
1583	7	610	
348	1583	753	
1584	265	967	
265	1584	131	
1585	1926	835	
432	835	1926	
1586	846	1471	
846	1586	1716	
1587	970	120	
970	1587	439	
1588	649	1813	
649	1588	1914	
1589	963	195	
963	1589	1095	
1590	531	1714	
135	1714	531	
1591	227	419	
227	1591	899	
1592	823	374	
823	1592	1024	
1593	611	401	
1836	1593	1470	
1594	1010	615	
1010	1594	1833	
1595	217	1548	
217	1595	425	
1596	957	576	
957	1596	445	
1597	1089	1652	
1089	1597	1535	
1598	73	700	
73	1598	1226	
1599	139	1561	
139	1599	395	
1600	489	1374	
489	1600	1638	
1601	444	882	
444	1601	820	
1602	949	1653	
949	1602	422	
1603	691	304	
691	1603	1861	
1604	694	1378	
776	1604	1226	
1605	262	1323	
262	1605	1276	
1606	494	857	
494	1606	1552	
1607	578	1106	
578	1607	1864	
1608	619	442	
619	1608	144	
1609	295	1875	
295	1609	739	
1610	346	27	
346	1610	1806	
1611	144	1867	
144	1611	619	
1612	821	1551	
821	1612	1218	
1613	4	417	
4	1613	1325	
1614	389	1972	
389	1614	1483	
1615	618	545	
618	1615	155	
1856	548	15	
548	1616	333	
1617	9	217	
9	1617	179	
1618	496	659	
496	1618	928	
1619	769	1616	
769	1619	399	
1620	674	387	
674	1620	1607	
1621	883	799	
883	1621	1562	
1622	988	1573	
988	1622	132	
1623	916	114	
916	1623	1557	
1624	695	549	
695	1624	1183	
1625	836	1606	
836	1625	426	
1626	1048	506	
1048	1626	1035	
1627	954	966	
954	1627	1685	
1628	124	1723	
124	1628	1016	
1629	666	12	
666	1629	101	
1630	915	40	
915	1630	1427	
1631	12	666	
12	1631	649	
1632	82	725	
82	1632	605	
1633	993	501	
993	1633	897	
1634	289	635	
289	1634	1983	
1635	1963	204	
900	204	446	
1636	163	1242	
163	1636	1517	
1637	475	1654	
475	1637	436	
1638	60	489	
60	1638	1146	
1639	948	513	
948	1639	430	
1640	914	200	
914	1640	109	
1641	908	1738	
908	1641	421	
1642	677	95	
677	1642	416	
1643	510	58	
510	1643	125	
1644	930	1205	
930	1644	1268	
1645	563	135	
563	1645	587	
1646	342	1761	
342	1646	1788	
1647	826	1091	
826	1647	1974	
1648	668	93	
668	1648	19	
1649	623	1191	
623	1649	1610	
1650	1077	191	
1077	1650	590	
1651	599	961	
599	1651	342	
1652	551	634	
551	1652	663	
1653	819	1611	
819	1653	949	
1654	35	1637	
35	1654	727	
1655	612	1339	
612	1655	1200	
1656	788	580	
156	580	788	
1657	367	818	
367	1657	1487	
1658	579	143	
579	1658	1519	
516	575	1659	
1659	1026	516	
1660	353	361	
768	361	353	
1661	277	1596	
277	1661	1615	
1662	36	69	
36	1662	1673	
1663	761	1666	
761	1663	377	
1664	939	1342	
939	1664	1769	
1665	83	1219	
83	1665	627	
1666	595	1190	
595	1666	761	
1667	423	1612	
423	1667	497	
1668	880	432	
880	1668	427	
1669	645	1553	
645	1669	1461	
1670	174	1674	
174	1670	698	
1671	1078	273	
296	1671	1507	
1672	748	152	
748	1672	258	
1673	734	1674	
352	1673	1662	
1674	1046	1670	
1046	1674	560	
1675	336	1571	
336	1675	716	
1676	1067	2	
1067	1676	1155	
1677	147	556	
147	1677	1130	
1678	669	1649	
669	1678	1265	
1383	1679	1193	
1047	1679	1181	
1680	702	1137	
702	1680	1267	
1149	1681	1264	
1382	1014	1037	
1766	1079	852	
1079	1682	674	
1683	207	1642	
207	1683	769	
1684	627	1665	
627	1684	574	
1685	224	402	
224	1685	1627	
1686	689	1466	
689	1686	1380	
1687	468	1049	
468	1687	747	
1047	527	1193	
527	1688	1175	
1689	904	1420	
904	1689	469	
1690	330	1287	
330	1690	720	
1691	661	1328	
661	1691	141	
1692	733	1556	
733	1692	1169	
1693	566	1663	
566	1693	283	
1694	292	1597	
292	1694	632	
1695	248	1289	
248	1695	981	
1696	837	56	
837	1696	1533	
1697	998	935	
998	1697	1118	
1698	236	1475	
236	1698	443	
1699	401	611	
401	1699	881	
1700	447	825	
320	447	629	
1701	523	1503	
523	1701	124	
1702	1002	1207	
1002	1702	60	
1703	658	1658	
658	1703	1343	
1704	587	1230	
587	1704	279	
1705	813	1165	
813	1705	112	
1706	792	1295	
792	1706	454	
1707	190	1224	
190	1707	814	
1708	74	556	
74	1708	1947	
1018	931	571	
931	1709	982	
1710	304	1214	
304	1710	78	
1711	400	40	
400	1711	812	
1712	999	1439	
999	1712	1595	
1471	382	1586	
382	1713	1845	
1714	268	1590	
268	1714	1723	
1715	1004	1667	
1418	1715	255	
1716	378	1622	
378	1716	1586	
1717	755	440	
755	1717	1510	
1718	84	801	
223	801	84	
1719	186	1459	
186	1719	701	
1720	632	1296	
632	1720	291	
1721	213	854	
213	1721	954	
1722	562	150	
562	1722	1693	
1723	64	1628	
64	1723	1714	
1724	738	1493	
738	1724	406	
1725	499	978	
499	1725	1960	
1726	903	1123	
1485	1726	955	
1727	175	761	
175	1727	846	
1728	301	46	
301	1728	337	
1729	772	1266	
772	1729	205	
1730	38	1220	
38	1730	98	
1731	1015	542	
1015	1731	1122	
1732	1005	1214	
1005	1732	607	
1733	466	31	
123	1733	1305	
1734	50	866	
50	1734	230	
1735	1049	252	
507	252	1049	
1736	127	1263	
127	1736	1435	
1737	688	456	
688	1737	1563	
1738	226	428	
226	1738	908	
1739	986	227	
419	227	986	
1740	6	1345	
6	1740	1221	
1741	583	668	
583	1741	9	
1742	829	1329	
829	1742	1843	
1743	968	1443	
968	1743	1240	
1744	1063	1701	
1063	1744	535	
1745	45	1918	
45	1745	341	
1746	873	1231	
873	1746	1758	
1747	1027	740	
1027	1747	1399	
1748	87	1227	
87	1748	1564	
1749	206	1884	
206	1749	762	
1750	372	1686	
372	1750	35	
1751	820	1429	
820	1751	444	
1752	866	456	
866	1752	1734	
1753	644	1076	
644	1753	1176	
1754	786	1202	
786	1754	541	
1755	598	1417	
1784	1755	864	
1756	601	472	
601	1756	1073	
1757	1072	1256	
1072	1757	1623	
1758	1034	1559	
1034	1758	1746	
1759	1071	117	
1071	1759	1418	
1760	290	628	
1722	1760	1126	
1761	656	1646	
1515	1761	411	
1762	771	1397	
771	1762	1869	
1763	773	295	
773	1763	66	
1764	114	807	
114	1764	1072	
1765	828	1702	
828	1765	1617	
1766	441	1682	
441	1766	1987	
1767	8	1511	
8	1767	1577	
1768	216	1157	
216	1768	975	
1769	257	939	
257	1769	524	
1770	122	218	
122	1770	1211	
1771	313	618	
313	1771	614	
1772	228	990	
718	990	228	
1659	1773	77	
77	1773	1352	
1774	834	1055	
834	1774	1187	
1775	252	1235	
252	1775	1735	
1776	385	1540	
385	1776	827	
1777	721	619	
721	1777	436	
1778	0	1038	
0	1778	251	
1779	220	974	
220	1779	785	
1780	818	537	
818	1780	148	
1781	412	1297	
412	1781	778	
1782	972	51	
972	1782	221	
1783	180	764	
180	1783	1531	
1784	864	1115	
1755	1784	598	
1785	767	624	
767	1785	66	
1786	890	495	
890	1786	1438	
1787	171	662	
171	1787	596	
1788	770	143	
704	1788	1646	
1789	872	225	
872	1789	1809	
1790	835	1639	
835	1790	1585	
1791	1029	1744	
1029	1791	1502	
1792	631	1412	
1860	1792	1105	
1793	920	239	
920	1793	1585	
1794	115	630	
115	1794	1537	
1795	322	1665	
322	1795	774	
1796	985	236	
985	1796	1364	
1797	533	1605	
533	1797	1046	
1798	402	224	
402	1798	626	
1799	860	958	
992	1799	1287	
1800	480	1364	
480	1800	706	
1801	684	1288	
684	1801	367	
1802	278	326	
278	1802	1197	
1803	325	286	
325	1803	1869	
1804	1055	834	
1567	1804	521	
1805	875	1832	
875	1805	1117	
1806	774	1367	
774	1806	1206	
1807	897	1633	
897	1807	477	
1808	1025	521	
1025	1808	1917	
1809	118	368	
118	1809	1375	
1810	965	1402	
965	1810	238	
1811	938	1560	
938	1811	1853	
1812	639	306	
639	1812	1632	
1813	1041	1588	
1041	1813	976	
1814	478	1489	
478	1814	1285	
1815	47	614	
47	1815	1476	
1816	925	773	
925	1816	241	
1817	994	789	
994	1817	1775	
1818	159	1178	
159	1818	1273	
1819	630	115	
630	1819	892	
1820	766	340	
766	1820	313	
1821	284	1594	
284	1821	1791	
1822	247	1690	
247	1822	1149	
1823	703	612	
703	1823	681	
1824	1060	1484	
1060	1824	990	
1825	1074	1490	
1074	1825	1569	
1826	33	1635	
33	1826	541	
1827	240	500	
240	1827	264	
1828	519	345	
519	1828	1036	
1829	80	770	
80	1829	1703	
1830	540	871	
540	1830	1153	
1831	488	1789	
488	1831	1219	
1832	414	922	
414	1832	978	
1833	71	1010	
71	1833	1657	
1834	700	73	
700	1834	84	
1835	32	1173	
32	1835	17	
1836	197	611	
197	1836	923	
1837	867	1764	
867	1837	380	
1912	1838	633	
504	1838	1451	
1839	921	1366	
921	1839	1486	
1840	230	107	
230	1840	1227	
1841	652	1150	
652	1841	169	
1842	596	1787	
596	1842	1815	
1981	1843	14	
49	1468	1843	
1844	409	853	
156	1844	620	
1845	192	1229	
192	1845	1713	
1846	335	1480	
335	1846	1932	
1847	211	1696	
211	1847	421	
1848	928	1572	
928	1848	496	
1849	25	1339	
25	1849	1400	
1850	364	702	
364	1850	11	
1851	117	1071	
117	1851	1712	
1802	665	1056	
665	1852	1311	
1853	196	1660	
1785	1853	1811	
1854	56	837	
56	1854	983	
1781	396	214	
384	1855	1357	
1856	842	1619	
842	1856	1743	
1757	502	1623	
502	1857	1556	
1858	885	847	
885	1858	223	
1859	981	1283	
981	1859	1450	
1860	184	1081	
184	1860	831	
1861	338	691	
338	1861	108	
1862	1056	665	
1056	1862	526	
1863	88	1569	
88	1863	1953	
1864	168	578	
168	1864	838	
1865	552	349	
552	1865	621	
1577	848	8	
848	1866	1915	
1867	660	1602	
660	1867	1222	
1868	646	721	
646	1868	1750	
1869	620	771	
620	1869	1803	
1870	710	388	
710	1870	1970	
1871	743	964	
743	1871	232	
1872	605	461	
605	1872	82	
248	909	1289	
909	1873	117	
392	1874	932	
734	352	1874	
1875	485	1156	
485	1875	295	
104	950	1440	
950	1876	747	
1877	484	860	
484	1877	253	
1878	634	1112	
634	1878	1694	
1879	450	211	
450	1879	1292	
1880	176	1941	
176	1880	15	
1881	198	1319	
198	1881	1534	
1882	843	671	
843	1882	437	
1883	228	1333	
228	1883	718	
1884	119	277	
119	1884	1304	
1885	106	1580	
106	1885	1433	
1886	40	400	
40	1886	405	
1887	203	545	
203	1887	1749	
1888	179	1068	
179	1888	583	
1889	859	1004	
859	1889	248	
1890	514	1715	
514	1890	1017	
1891	699	1119	
699	1891	381	
1892	926	568	
926	1892	1203	
1893	34	1315	
34	1893	367	
1894	569	710	
569	1894	1937	
1895	969	1134	
471	1895	1340	
1896	849	845	
849	1896	917	
1897	986	1739	
986	1897	28	
1898	244	51	
244	1898	1474	
1899	279	1704	
279	1899	128	
1900	282	17	
282	1900	1190	
1901	662	171	
662	1901	488	
1902	340	766	
340	1902	1543	
1903	812	1614	
812	1903	1699	
1904	776	435	
776	1904	694	
1905	815	903	
815	1051	1270	
1906	375	195	
375	1906	134	
1907	273	1078	
273	1907	716	
1908	281	1318	
281	1908	594	
1909	435	1350	
435	1909	1904	
1910	814	1707	
814	1910	825	
1911	55	420	
55	1911	1796	
1912	633	1956	
153	633	1838	
1913	816	1958	
816	1913	102	
1914	361	768	
361	1914	1588	
1915	22	848	
22	1915	4	
1916	924	1105	
924	1916	10	
1917	67	13	
1731	1917	131	
1918	943	1353	
943	1918	45	
1919	732	984	
732	1919	1233	
1920	682	1509	
682	1920	1408	
1921	607	166	
607	1921	1005	
1922	975	1154	
975	1922	216	
1923	613	1153	
613	1923	1703	
1924	1007	1976	
1007	1924	1527	
1925	31	1317	
31	1925	1095	
1926	946	863	
946	1926	1793	
1927	234	1305	
123	1305	234	
1928	559	1202	
559	1928	140	
1929	1012	1135	
1012	1929	1534	
1930	922	1387	
922	1930	1832	
1931	177	1580	
177	1931	1537	
1932	85	335	
85	1932	1593	
1933	526	780	
526	1933	1056	
1934	274	1130	
274	1934	1578	
1935	775	178	
775	1935	38	
1936	311	1068	
311	1936	675	
1937	305	1525	
305	1937	693	
1938	249	1961	
510	249	1938	
1939	672	85	
672	1939	1493	
1940	63	872	
63	1940	1097	
1941	781	1170	
781	1941	1973	
1942	529	1072	
529	1942	1082	
1943	554	1701	
554	1943	268	
1944	1039	61	
1039	1944	1263	
1945	712	146	
712	1945	713	
1946	728	377	
728	1946	811	
1947	663	74	
663	1947	1323	
1948	442	619	
442	1948	1117	
1949	1001	1960	
1001	1949	973	
1950	355	1574	
355	1950	1457	
1155	945	836	
945	1951	1184	
1952	628	342	
628	1952	1760	
1953	473	1118	
959	1953	180	
1954	131	1917	
131	1954	265	
1955	937	661	
937	1955	457	
1956	37	1899	
37	1956	307	
1957	698	332	
698	1957	1100	
1958	464	1974	
464	1958	1241	
1959	800	920	
800	1959	1527	
1960	564	1002	
564	1960	1725	
1110	682	481	
1961	249	481	
1962	225	63	
225	1962	1831	
1963	446	204	
446	1963	1385	
1964	328	1498	
328	1964	1490	
1965	452	299	
452	1965	803	
1966	95	336	
95	1966	1422	
1967	397	1090	
397	1967	1529	
1968	20	708	
20	1968	1349	
1969	810	110	
810	1969	854	
1970	303	1771	
303	1970	1870	
1971	758	1992	
758	1971	81	
1972	29	1776	
29	1972	389	
1973	687	781	
687	1973	1488	
1974	636	1958	
636	1974	1271	
1975	48	879	
48	1975	820	
1976	741	1944	
741	1976	330	
1977	465	540	
465	1977	851	
1453	902	226	
902	1978	423	
1979	1011	1857	
1011	1979	1746	
1980	454	782	
454	1980	1741	
1981	188	1843	
188	1981	5	
1982	984	732	
984	1982	740	
1983	683	1945	
683	1983	298	
1984	641	347	
641	1984	1460	
1985	181	1913	
181	1985	983	
1986	366	1515	
366	1986	688	
1987	858	441	
858	1987	1275	
1988	404	1772	
404	1988	1151	
1989	586	711	
586	1989	297	
1990	413	1460	
413	1990	97	
1991	545	618	
545	1991	1887	
1992	1472	806	
1992	758	1103	
777	1957	332	
777	1993	1708	
