3349	996	1668	
2385	1908	944	
1813	853	806	
2106	2765	833	
1964	1660	3834	
1033	2284	2066	
3054	3046	1554	
431	3479	3957	
3299	818	3288	
3452	2324	1310	
627	2921	1266	
880	600	3212	
3147	3428	3240	
697	1869	2583	
1018	1788	281	
1094	3865	3152	
2270	1398	2271	
1774	1057	2121	
3849	1889	2594	
1023	3275	2589	
2590	425	1754	
3622	719	1295	
1611	708	2384	
911	1318	2593	
2494	1930	684	
968	364	1538	
1106	252	1564	
1196	3346	1350	
3452	2274	1470	
923	3414	3415	
3027	987	2041	
1760	544	2356	
1348	3520	2790	
2166	203	1240	
2174	3190	2175	
3400	2410	3526	
2373	2414	2415	
3271	946	1438	
238	1986	1818	
1079	3923	888	
3870	1692	791	
3714	1838	2968	
3391	3902	1993	
562	3313	2566	
1978	2180	1566	
2062	1040	2461	
862	2556	3102	
632	2991	694	
3887	1362	1423	
87	887	1412	
384	2476	1558	
3608	2380	241	
636	1255	891	
644	738	2121	
1406	3688	2224	
2036	2859	2488	
894	2060	1494	
3370	3466	2094	
3882	1104	3399	
1046	2630	2901	
1518	1090	3329	
1403	3643	1358	
1778	1796	2766	
1291	1290	2496	
3164	1664	1930	
2064	3786	938	
1288	3892	3550	
68	1464	2775	
1721	1117	67	
2502	2196	1325	
2698	2034	2561	
2091	2359	2358	
380	652	3686	
2452	1612	3457	
1789	1018	1822	
1137	141	1990	
1842	1806	1584	
2742	84	3941	
2118	890	376	
3593	423	2735	
501	1984	3476	
416	1862	1863	
2820	1084	646	
2234	2351	1293	
77	1273	1650	
2129	2958	914	
1232	3538	2263	
3933	2694	49	
3760	3157	463	
2610	2611	1984	
3936	602	3539	
2973	1371	3294	
765	1754	1636	
1706	2930	2636	
1076	2860	3950	
1338	3926	2932	
3129	3334	1286	
2022	2206	2790	
484	3560	3792	
3598	2572	2676	
1380	2470	695	
1248	748	2315	
650	961	207	
1598	816	1526	
970	1709	721	
2170	714	3069	
2014	2334	3819	
744	2778	3181	
3158	2160	2712	
2748	1834	1812	
1929	2817	169	
578	2838	850	
1626	3448	3806	
2439	2611	2795	
716	3162	237	
3228	794	3229	
3894	3916	2000	
3098	3232	988	
3522	3628	1846	
3949	3844	656	
2084	1880	976	
2008	2663	2009	
732	1024	3330	
1903	1902	2553	
954	3442	2156	
2457	3404	1059	
3640	502	1912	
3206	2642	3590	
3703	3117	3567	
1568	1115	2465	
1944	259	2103	
1632	3782	2626	
862	2640	1230	
3382	560	3441	
1326	513	3701	
905	2540	2733	
1910	1644	3188	
3074	3531	285	
2016	293	3015	
939	499	2080	
2053	1082	1096	
75	1136	1061	
1397	3664	1267	
930	3204	597	
3301	2174	3890	
1550	1498	3982	
556	1182	1447	
1337	671	1510	
1921	1920	480	
1376	336	1442	
539	538	610	
2799	2347	1147	
512	1493	3341	
1515	3202	3417	
2084	1784	1073	
1511	327	1088	
3402	1154	3655	
625	2683	675	
666	3875	3444	
3980	2199	455	
556	642	569	
3740	918	299	
3326	339	1321	
2948	2260	3627	
3814	1396	1766	
2737	181	2059	
1340	279	3077	
2936	2580	3183	
343	2136	2486	
110	341	713	
1111	2665	3121	
858	3124	1259	
3902	2232	3723	
1827	3257	3058	
2880	2154	3360	
1345	2208	2881	
1239	3778	1394	
885	3498	2854	
216	801	635	
1497	654	634	
1008	1810	375	
2988	165	361	
2822	2230	1746	
2757	2774	3292	
2754	3420	1487	
2437	1547	353	
3363	2840	662	
3353	2378	2527	
2920	2500	3503	
567	3284	2355	
3961	1461	1477	
3065	823	3977	
1546	3457	2579	
1890	2974	381	
3518	3107	1404	
3470	3969	1372	
802	3704	1670	
3063	572	2652	
3254	1294	388	
1532	1533	2927	
1054	1730	2160	
3822	3944	1268	
2664	1110	1771	
1752	1753	33	
1790	2466	3546	
2087	2877	242	
3044	614	481	
980	102	1816	
3971	1701	2546	
2628	608	1724	
2684	2554	664	
379	3297	1763	
1515	2362	1379	
3695	2283	1441	
3606	2823	3661	
1744	3141	3692	
178	2194	2788	
3250	1905	2534	
3896	2306	1434	
2044	3181	2045	
834	1928	3178	
860	3848	1757	
522	1082	1938	
1527	970	1246	
1828	3524	3242	
1002	2110	3380	
728	1540	3569	
3859	3585	350	
1756	1667	3332	
250	3089	2625	
2138	2744	3698	
3953	3331	448	
2492	1740	3614	
3055	3931	2746	
3318	3764	886	
2246	593	3083	
3246	3898	1886	
1576	114	1899	
38	912	992	
1879	487	2039	
810	2418	1483	
1414	3217	51	
1011	2606	205	
1879	2298	465	
2122	3882	3484	
1462	1020	2714	
1016	1802	3283	
999	2050	3325	
1694	3221	2432	
1200	612	449	
229	962	3948	
284	3730	3200	
26	2340	2784	
3908	517	555	
934	257	2070	
2885	2184	491	
1892	2220	2115	
2564	254	2935	
3604	526	1039	
3458	130	1071	
752	1140	3241	
3701	3700	648	
2064	1184	558	
3090	3091	2908	
1627	3809	2243	
1042	565	3639	
535	2116	3424	
3286	3177	2429	
1718	1511	2125	
1988	1015	2076	
1068	2120	2167	
658	2147	531	
1004	525	539	
1858	2798	1029	
2211	3194	614	
330	2768	596	
3214	478	571	
2924	3215	1474	
2516	2600	1406	
3182	166	3861	
658	1096	523	
2082	1015	14	
680	3572	1253	
1120	3516	3517	
251	3302	3218	
137	1383	2441	
2148	2348	3068	
567	2475	411	
3962	3886	575	
1267	592	2658	
1174	3350	2620	
1386	371	2998	
2068	3014	2240	
3663	730	138	
2720	543	3028	
3929	1429	1505	
1230	2215	2377	
1187	3667	3796	
304	2830	1466	
1572	161	2824	
2424	2007	2342	
2602	3417	2369	
1262	3404	762	
1297	3543	2700	
298	2188	2844	
1523	2739	2738	
3784	1416	2262	
1644	1383	2484	
1156	3308	1157	
1236	2544	3685	
2235	2984	758	
328	1276	2397	
781	1465	3042	
3007	1861	3408	
2682	3974	674	
454	3633	1738	
1926	2302	2801	
3843	3655	1223	
1243	3609	3217	
339	3327	1251	
2638	2296	633	
2305	1590	2323	
1388	3268	1139	
566	1503	2112	
651	2052	739	
366	812	1179	
1494	1863	895	
1517	155	2173	
311	3306	3694	
3838	1378	672	
275	2767	1079	
3805	1367	597	
395	1673	3211	
2982	1513	2893	
1164	2470	2471	
725	2271	1400	
149	1496	1167	
1240	782	1241	
3784	2751	3736	
162	319	3680	
1265	3436	3385	
169	1484	2143	
2576	1607	764	
2256	168	712	
3342	3336	701	
3911	2502	1393	
1330	3451	1688	
3423	3422	1618	
710	3756	2616	
1151	2527	3039	
227	1257	2398	
3683	900	3682	
652	3646	2455	
3105	185	3866	
2410	3772	2132	
1347	619	2929	
2488	590	1426	
3903	3723	1525	
949	757	2865	
613	1963	3967	
715	3502	2149	
2989	181	1411	
464	1490	1719	
1510	2173	785	
25	3734	3685	
3124	3125	1659	
325	1792	1586	
1647	813	1249	
2915	3434	616	
2783	3126	1851	
2602	1556	3052	
2923	291	2361	
2208	3959	2869	
3070	1655	3005	
913	792	1811	
692	180	1445	
78	1624	3255	
1647	2735	2623	
1142	2984	1292	
211	3085	2151	
3924	72	761	
1128	193	3889	
3670	1610	2758	
1768	709	3161	
1932	50	2183	
439	849	3133	
2901	2461	2460	
1615	2536	2877	
1532	198	3824	
1245	3566	1530	
3668	2431	1620	
1424	3802	3419	
394	2668	1304	
3855	3759	1713	
2635	3758	392	
332	3237	771	
3728	3150	3729	
1952	3277	825	
1852	1314	2177	
973	3930	733	
1987	720	892	
720	1468	1469	
1224	1422	3800	
3494	1087	3771	
1214	854	1526	
2003	2002	1855	
1368	2791	3154	
1728	1845	3123	
931	3765	3494	
3021	1882	3020	
3280	1534	3362	
3285	287	2533	
1958	492	2563	
3256	3769	807	
1850	2318	783	
417	1877	1675	
81	1084	1876	
859	1862	415	
3388	2818	1864	
2252	1842	839	
490	3374	2866	
2483	1894	1635	
3934	1209	3086	
79	1968	3791	
3934	2314	1705	
3946	20	734	
1044	691	3491	
2870	1470	462	
2356	765	3198	
1947	2282	2311	
1487	1994	3092	
3230	7	904	
2946	3536	810	
2972	688	2472	
2716	3298	1918	
2829	1684	1750	
3554	2904	1871	
3378	3906	1870	
484	1228	3561	
385	1354	2912	
2212	1702	2978	
2862	463	3767	
1598	1215	3432	
1767	971	3713	
3397	776	2506	
1623	835	2666	
3876	3920	3574	
1321	3799	3659	
231	990	852	
249	1648	2903	
3474	451	1622	
850	450	1795	
1593	1433	1432	
1657	1656	1896	
315	2290	1273	
159	1589	3938	
1729	3676	3465	
2450	1845	3465	
3368	1746	740	
946	3497	3733	
2597	2222	1482	
2894	2553	2599	
427	2422	2266	
88	441	2226	
362	1784	933	
2236	1896	243	
3788	1686	2178	
2645	1831	2421	
883	2015	2014	
3525	3511	3242	
3274	3081	857	
1836	3577	963	
2800	3106	3616	
1256	1849	3781	
3172	1888	983	
3914	1949	861	
923	2365	3650	
2722	482	3101	
2679	276	2308	
3468	1894	2523	
1821	1820	148	
206	2815	2793	
3170	477	875	
1681	3709	3482	
438	98	2835	
2512	2029	2987	
1986	2012	1789	
239	976	993	
2000	507	3895	
1825	3277	2997	
3377	1436	420	
255	2394	2025	
942	412	3386	
506	1815	991	
3837	998	1907	
3873	3283	2967	
497	1955	1954	
1939	1630	496	
2332	1974	2458	
2970	139	3598	
2239	3748	2877	
3630	80	1574	
126	3376	3595	
2115	521	965	
1184	3115	3114	
3954	2141	1055	
493	2004	3515	
2980	488	3273	
2093	2316	509	
1970	1009	508	
1874	1045	3262	
950	3610	1045	
152	1031	3862	
134	2558	2559	
2083	1880	1072	
1089	1014	2124	
3349	3144	1050	
253	611	2383	
894	2166	2061	
1056	531	2146	
2548	1065	3207	
2162	503	2221	
222	1468	1823	
280	1083	1448	
1033	1028	3249	
2950	2048	272	
258	1664	3905	
2240	1070	2241	
2025	3359	2884	
3342	2906	3345	
1057	1026	1097	
271	519	1097	
2122	535	3883	
3443	3177	1123	
2164	3060	3000	
266	532	2965	
1183	1516	1088	
1089	1991	1989	
150	2048	1297	
2898	272	150	
2632	2804	1113	
3782	731	1081	
2153	1150	2948	
294	2261	1225	
1571	31	3864	
620	3022	1095	
3644	2965	1047	
2429	2168	2392	
2046	2609	1038	
2857	2106	1203	
3226	1086	3319	
3018	607	1233	
2452	3456	2436	
3601	3057	1141	
2228	1170	1107	
1884	3795	253	
146	160	2127	
2126	582	2172	
2265	262	3812	
2181	3159	2712	
133	3322	1121	
2344	2377	3797	
43	2650	1155	
3441	3517	1129	
2216	958	3184	
265	2072	2810	
2272	323	1103	
287	189	2961	
1236	3602	2545	
1190	160	1085	
3021	2464	1119	
1474	276	3853	
3378	197	2937	
2600	3379	1319	
1284	627	3502	
3265	288	3139	
3299	3900	1195	
1120	2215	1252	
111	3036	856	
713	3067	3509	
3300	1264	3190	
3066	2175	3191	
557	1191	1183	
1191	2060	1137	
3335	2556	1231	
2344	3796	2853	
982	3628	1542	
1530	1543	2925	
1335	3011	2409	
1145	641	3011	
2962	356	2858	
1418	2542	1169	
3265	289	3963	
2752	235	1385	
2398	876	3858	
2154	3926	2661	
275	1568	2886	
143	331	2497	
2413	1522	2374	
2274	3453	670	
11	3856	2770	
679	1235	1181	
90	1188	3626	
772	3571	1417	
704	2369	3416	
1358	2006	3839	
3728	1692	1382	
2262	551	1135	
3565	209	1193	
3620	643	1193	
150	1353	3821	
3355	517	1213	
3291	249	3945	
1201	359	1269	
206	274	2814	
787	1078	3119	
3127	1399	368	
1259	3493	2665	
994	1346	3917	
3136	1125	355	
545	2998	2922	
1323	3413	3983	
3978	3538	1529	
676	3979	1529	
2302	2280	1077	
2353	157	1222	
3068	2474	2301	
2920	574	10	
3052	743	1514	
3245	3033	1387	
3128	2931	2930	
2985	2931	1143	
1401	2350	47	
1590	320	1101	
635	1496	179	
2568	178	634	
776	52	2667	
1625	1646	3397	
3724	809	1588	
2199	1153	2198	
1957	2731	3586	
2408	589	1250	
1156	160	3260	
609	1274	2807	
53	1068	1377	
1241	1496	1377	
82	3602	1258	
3048	778	3580	
261	3600	1307	
2587	2619	1327	
1178	1920	102	
1939	324	1631	
352	72	3925	
1426	3562	1563	
2569	179	1165	
1300	3679	1173	
3376	119	2571	
2514	1894	3469	
271	280	1204	
1204	1036	1205	
2088	2642	1392	
3982	2643	3983	
3234	186	1504	
2616	1092	1093	
1685	210	1594	
2151	3084	1457	
1472	1341	158	
1219	3861	2601	
3280	1350	3928	
3028	3347	1421	
599	1336	2803	
1182	147	1467	
2674	329	673	
3719	2282	672	
953	314	2718	
3843	157	3403	
623	3636	1282	
2246	3801	1423	
1910	3487	2787	
3218	601	3731	
282	3900	3289	
2801	1537	1405	
2849	1292	1270	
1398	724	2531	
3835	24	2689	
3759	3064	2668	
1360	3652	1661	
3837	1661	2813	
433	3216	1409	
3537	2473	1409	
2802	1279	2274	
2439	426	1727	
375	1126	2244	
1388	3031	3269	
3697	47	1301	
1164	3679	100	
1777	1369	1256	
1369	13	3635	
1480	2846	1546	
2755	3866	2846	
3745	3342	3343	
344	1324	3321	
3702	2414	2372	
1533	2372	2373	
2424	1492	604	
1972	3142	1331	
2954	1229	1012	
2254	2911	1435	
22	2780	882	
383	2478	1662	
3879	348	1455	
3352	3294	2378	
2690	343	2577	
2287	169	579	
2988	105	793	
1690	360	1411	
114	2550	1502	
3269	3030	2481	
3702	3316	1872	
3618	21	2078	
400	401	1247	
104	792	1605	
3642	1220	2809	
2918	2809	1287	
1270	683	3434	
335	3697	2318	
1698	2860	2128	
2655	901	1609	
2529	3454	226	
2023	3455	1541	
3310	3557	293	
2676	541	1365	
2030	122	3220	
3614	399	2176	
425	1697	2656	
3498	3947	1755	
2455	3134	2847	
1281	3135	1280	
53	1376	1793	
1179	324	1775	
458	2231	3496	
2185	3094	1451	
2101	2942	1557	
2490	628	1499	
3942	107	1559	
2827	1711	1642	
3061	2164	2461	
3807	2889	1626	
1167	101	1443	
1249	1586	1443	
3382	1452	3323	
3451	2939	2938	
260	3428	2388	
1689	2388	3429	
3136	1333	3773	
3293	1163	3478	
2758	2478	3671	
3966	358	3823	
310	2396	3779	
3840	2305	2304	
2389	1613	2579	
952	380	1619	
2456	763	302	
3672	762	1352	
2690	342	1606	
92	428	2711	
3875	798	1512	
2202	2203	2290	
2658	1691	1397	
1397	3713	855	
3528	2634	1344	
2258	395	1305	
603	3736	1320	
3055	1786	1799	
2962	2742	3225	
2850	3903	3563	
444	636	835	
1888	3259	2595	
2207	3581	647	
3828	937	1658	
3293	2774	3006	
312	3744	3745	
337	1753	1601	
899	414	1601	
785	1073	1719	
1511	784	363	
3195	1531	2924	
3505	615	1569	
3706	1607	1208	
3087	1904	1929	
3930	1555	2646	
40	3827	3047	
374	721	1444	
714	2300	1708	
3234	115	3708	
2442	829	1535	
1806	3768	2430	
3419	1585	2430	
766	1340	3548	
3802	3224	1759	
1969	1704	3438	
1166	178	2789	
1962	196	2890	
1489	2904	1567	
3762	929	805	
2663	804	1735	
2	3674	2728	
2519	413	2729	
2224	2956	2857	
638	1583	1473	
432	240	3738	
902	2894	2598	
1920	325	1587	
367	1821	1587	
2825	3148	1573	
3685	1573	3684	
103	1527	817	
2003	889	816	
8	2716	3519	
1372	3968	1751	
1616	1208	2416	
1553	1696	2195	
1044	1476	3976	
191	978	1736	
3856	1840	1733	
397	2469	1840	
2686	1574	1490	
1523	2412	2739	
1196	2426	2920	
795	1641	1351	
3140	1824	3276	
3222	3827	1824	
2670	1304	1665	
3544	3	1672	
3367	220	1509	
445	851	776	
3561	2911	1941	
3589	3819	1355	
2749	1812	3691	
419	3754	3097	
966	2523	2482	
1895	3933	1413	
3221	3330	1687	
3952	1801	3953	
2889	3174	2888	
2186	3462	3847	
2744	3187	1995	
1653	3230	3187	
3246	3208	1710	
1434	1669	385	
111	3406	451	
1757	2507	835	
3952	448	3472	
2	3278	1839	
404	2696	1215	
769	3433	3665	
578	2588	2839	
470	963	3576	
2159	171	1876	
1495	417	1674	
221	3332	3167	
475	983	3582	
132	46	1919	
2684	2829	2637	
865	2083	1788	
2012	1881	864	
2510	1396	3192	
1779	1367	3815	
2514	2866	2836	
1234	3302	1439	
2871	1683	1471	
3507	2325	1725	
3245	3152	1901	
884	3532	1761	
2407	1681	1856	
2878	2723	482	
3766	594	1506	
2978	919	1781	
3758	2634	1712	
2547	2278	979	
1841	11	1747	
3733	2231	1289	
2597	708	2328	
3110	468	3393	
873	2330	1637	
177	3840	1946	
2604	3189	234	
49	3486	2702	
39	3266	3648	
3266	817	1797	
78	1821	3817	
2622	52	2623	
1818	400	1604	
1822	1468	1987	
518	56	1752	
326	1862	1495	
3690	3754	1671	
2936	3063	1843	
3126	2270	1770	
1674	1675	783	
351	2932	1654	
727	3481	3958	
811	2380	1956	
2435	3921	1903	
3186	431	3093	
135	1581	1306	
3699	2874	1814	
991	3743	3742	
1728	3470	3500	
1685	2338	2201	
2633	2909	2102	
23	2609	1945	
1819	1832	238	
1604	374	1819	
3780	85	915	
2403	914	1927	
3876	1740	1830	
2178	2190	3789	
161	3017	2979	
877	3017	3431	
1617	3086	1905	
3251	1969	3439	
1138	2480	1898	
2066	29	476	
3291	3912	1649	
2421	2190	1769	
3656	3950	1739	
1699	2940	3981	
3846	3462	1657	
3540	3972	804	
143	3012	1521	
408	1521	1809	
2276	1491	2876	
464	3850	1897	
2294	254	3358	
3375	1436	1913	
1595	1762	3676	
1845	779	3829	
3489	65	1934	
139	3553	2573	
3250	2286	1928	
3508	1198	1794	
2574	3391	492	
3257	2519	2851	
2645	1	1677	
2598	2599	1909	
459	37	3304	
3375	2525	1805	
2864	2320	949	
1979	358	948	
511	2795	2610	
2094	3547	3631	
761	3624	2993	
3034	674	1891	
124	2312	2028	
3793	2111	2835	
3589	3596	1967	
1408	2947	3597	
2242	564	3449	
3919	2967	1906	
1820	2002	1921	
1817	102	1921	
3844	250	2624	
471	857	3051	
2934	1716	1782	
3751	503	1782	
840	3746	2074	
982	3884	1847	
25	2648	2649	
2952	2790	2791	
104	223	2058	
3433	443	1599	
3574	3921	3658	
2746	399	3615	
3526	1652	2001	
2832	1025	3197	
120	487	1878	
1896	3851	1785	
823	3854	2422	
879	1339	1682	
1630	207	1955	
1955	1916	1917	
967	586	2584	
861	2994	474	
2182	1937	2183	
2883	1932	1937	
3617	2040	1776	
1373	3454	30	
2288	117	1853	
3692	1825	2612	
2968	448	2897	
493	907	3775	
238	1009	2013	
487	1881	1971	
2928	618	2822	
1999	1953	1998	
2346	1961	0	
2364	3101	1887	
494	1965	2812	
247	2680	1964	
3243	3710	1463	
2110	3792	2335	
3109	3108	225	
2987	2111	1975	
2950	272	2251	
1735	2298	2009	
1820	2927	2042	
3044	2793	2792	
2112	1389	180	
509	992	1833	
2277	2086	1614	
242	3748	1897	
706	2784	2763	
3372	1050	1997	
515	2076	2077	
2096	281	269	
2537	246	2098	
3263	2467	1983	
74	14	2097	
1083	1823	2097	
245	3955	1742	
2508	3115	2065	
3751	3081	2114	
19	2115	2114	
3426	122	3776	
3273	975	2031	
530	2052	2053	
1938	2053	1939	
524	3651	1858	
2067	3249	273	
3241	2390	1973	
2391	512	1973	
2951	2316	1146	
2033	5	524	
2462	2069	2494	
2027	3165	1931	
1990	659	1037	
1989	1036	1988	
2592	3612	548	
258	2047	2107	
45	2964	2165	
2704	1066	2165	
3578	3002	265	
2458	3553	2057	
3965	426	822	
511	510	3535	
3846	59	1922	
2560	546	2063	
3721	1049	2101	
2559	2943	1048	
516	1013	2131	
2130	2347	2204	
3638	2810	2017	
3311	3663	2081	
3670	200	2140	
2065	505	3510	
519	2120	1057	
1056	17	530	
3541	2168	3645	
2428	125	3287	
1069	1061	2061	
1060	1205	141	
2163	3590	2071	
3345	1116	2089	
2268	2549	2163	
520	1098	1099	
1041	2123	2054	
3398	3002	3484	
644	270	1240	
2146	1060	2167	
527	2741	3459	
3830	3831	259	
2077	514	2085	
784	1718	154	
3812	1978	2708	
2909	2709	3554	
94	3657	1077	
624	2861	1076	
1302	615	3649	
330	39	2769	
1871	2608	2908	
541	1113	2805	
140	222	1083	
523	1082	1019	
82	416	1085	
569	1157	1084	
550	3770	1087	
403	3764	1086	
2125	155	536	
515	2125	537	
60	3666	1187	
3416	1211	3460	
3757	3228	663	
1454	663	3229	
15	3244	2999	
3351	1175	545	
140	280	1097	
531	530	1096	
3300	1065	3752	
1065	3301	1322	
1381	3726	2297	
1238	2322	633	
1678	2354	1127	
1217	566	2113	
3252	58	1105	
3883	3425	1104	
26	2446	2157	
554	3795	2341	
2620	3412	2174	
3023	3412	3022	
2693	202	2135	
3073	2664	170	
3787	2264	2677	
540	1081	2677	
3852	2678	1115	
1119	129	1114	
2760	1063	2907	
68	2885	2907	
2678	1412	2703	
570	1115	2703	
577	283	3440	
3328	2376	560	
3286	2228	1123	
1122	2156	533	
3400	3916	2133	
619	3772	3868	
692	2300	1127	
1102	2245	1126	
381	1452	2651	
563	1155	3383	
2621	2487	2136	
2142	3191	3384	
2129	2654	2959	
3480	2129	3005	
1798	2750	3785	
607	3871	3785	
141	2060	2061	
583	75	1516	
922	3415	1139	
3414	322	1138	
260	1612	3056	
1159	553	2453	
378	2848	2931	
2808	631	3128	
1505	3810	2526	
3365	589	2153	
1297	1032	2049	
1212	2104	151	
3188	2485	3318	
1233	3319	2485	
3338	1225	542	
2841	1505	349	
1345	3237	3210	
639	2208	2209	
1536	156	3312	
562	1129	2248	
1572	308	642	
2545	1085	308	
2436	2540	1159	
3600	1141	1158	
3156	2933	3858	
3683	3071	2933	
3231	3773	3479	
3007	1580	755	
334	1165	695	
654	1173	1164	
801	2314	1167	
748	336	1166	
2859	2718	3975	
591	1272	3975	
554	3287	3405	
1262	3908	3794	
1600	2319	1173	
655	1165	1172	
2257	290	2136	
2999	1095	3864	
3072	1763	1177	
2135	1176	2692	
1179	650	1631	
739	325	1178	
2771	1181	2770	
601	1180	3075	
671	146	2173	
536	1517	582	
262	504	3813	
1978	3813	3159	
3328	1187	3797	
1090	297	1186	
602	1417	3681	
1251	3627	3681	
2126	2127	569	
582	1494	583	
2325	3506	2844	
608	609	2831	
2214	3298	1195	
1252	1194	576	
27	828	1197	
1266	3139	1196	
3037	941	1199	
1261	1198	3009	
249	2776	2539	
2819	613	2539	
2593	2516	2225	
549	3130	2225	
659	658	1449	
659	1061	2147	
3016	3740	1207	
1275	2629	1206	
1579	820	788	
1904	422	2417	
1378	3461	1211	
1091	3202	1210	
1147	2359	3543	
611	3909	2701	
404	1796	2697	
442	854	1766	
2504	1899	2273	
1103	2171	2406	
3668	3182	3183	
1319	3183	667	
722	3307	2808	
1286	2809	2808	
3657	625	3842	
317	1537	2303	
402	1528	3079	
3029	543	1150	
3638	3184	1227	
2243	3001	1226	
1564	2785	438	
706	3897	2910	
132	296	2557	
2919	584	2345	
3936	86	1416	
1149	551	3227	
869	3550	3219	
2770	601	3213	
309	3735	568	
3603	1539	1258	
1101	2297	3727	
2351	176	2322	
1068	33	337	
337	1497	645	
3216	2973	3295	
318	3295	1334	
2210	1303	2414	
1303	389	3045	
1917	223	1247	
1605	720	1246	
101	1704	1249	
367	749	1248	
3586	641	3364	
1189	319	2949	
1195	3516	577	
282	2249	3901	
3791	2734	2735	
3396	52	3397	
696	3634	473	
350	3584	1780	
3048	646	1237	
2664	171	617	
1261	3008	3385	
1199	1260	3437	
302	3820	1171	
1353	3909	3820	
3384	580	3753	
1892	340	3753	
1197	10	3264	
2448	289	142	
201	1269	3966	
2538	613	1268	
682	724	2914	
2292	2150	2915	
2858	1169	2743	
84	2543	454	
1446	643	3621	
1207	3261	3621	
311	2796	1277	
1394	3779	1276	
2374	3964	2275	
2275	1737	690	
3722	2232	737	
2754	737	2875	
676	3082	1283	
1520	3771	1282	
2921	574	1690	
2348	2149	3503	
96	1287	1221	
723	1286	3335	
66	3732	1289	
881	3893	1288	
63	2887	1808	
3040	1366	63	
682	378	2531	
3357	83	1401	
198	3259	3173	
21	1872	3825	
1592	2899	1352	
1146	303	538	
2688	1304	2669	
1460	2689	2669	
1381	655	2990	
694	2990	2319	
1854	3118	1078	
1245	2792	1244	
832	392	1298	
771	3236	2671	
905	3408	2586	
1327	648	2541	
3107	3026	2528	
3519	3026	3518	
2845	9	2325	
3453	2845	2188	
3313	3402	3035	
3403	2682	3035	
398	3232	1315	
3099	2218	1314	
1895	3730	2695	
1645	2787	2695	
23	3906	2517	
573	2937	1219	
772	1799	3798	
162	3570	447	
3206	1099	3891	
621	2643	3891	
701	1393	2503	
2943	2558	69	
134	2618	3320	
1307	649	3701	
1459	2444	1722	
3410	1459	1458	
346	3146	1518	
3340	1492	705	
3137	3292	1333	
3478	754	1332	
1243	3352	2409	
2152	588	3353	
670	2189	1337	
147	2412	1336	
3156	2660	95	
3760	979	2660	
798	3874	166	
666	3860	3874	
2454	2578	1343	
1613	3423	1342	
770	3236	3361	
1152	175	2155	
618	3869	2133	
1374	355	3368	
1539	32	3049	
3580	3581	2158	
27	668	2427	
829	1640	3362	
1296	3673	763	
1263	610	2700	
439	1643	2725	
837	2255	2725	
2628	2862	2863	
3431	2863	1507	
605	61	1359	
2919	2853	1358	
686	3836	2068	
3015	3836	3918	
48	3962	2247	
3963	2449	2247	
3311	2970	3599	
731	3783	3599	
2886	1291	2520	
331	867	3041	
2953	406	2873	
697	696	3155	
2972	2778	3943	
91	1455	2617	
2672	195	819	
1541	987	3969	
3137	1347	2756	
3496	1451	3369	
149	738	1377	
644	645	1376	
329	1210	3718	
212	1900	3203	
100	3678	2296	
1300	1100	3678	
606	3871	3019	
307	285	3530	
3204	3205	3805	
593	2449	3205	
291	3244	2491	
629	1514	2491	
2032	693	322	
3031	1008	3163	
3174	2460	1391	
2164	3808	1390	
660	3910	3337	
1324	3337	345	
176	1277	1395	
2797	2323	1394	
1548	866	164	
769	142	768	
16	683	3356	
2293	616	2782	
3356	3696	335	
632	3696	1293	
3306	3642	2675	
61	3838	2675	
194	2800	3573	
3572	3573	681	
278	1407	54	
2601	3689	1406	
3536	957	2473	
1414	689	688	
3712	2843	1767	
2737	715	361	
49	1118	3932	
2482	841	2309	
241	2419	1409	
1483	2381	2598	
1232	306	3737	
603	1188	3937	
591	3974	1419	
2683	3632	1418	
3138	3886	1421	
669	1420	2721	
3078	1423	402	
677	1422	48	
391	1827	1425	
3059	3225	1424	
653	356	1427	
2963	3563	1426	
3928	3347	1429	
295	1428	3811	
1622	2666	1431	
3790	1430	1508	
452	2393	2392	
2169	452	2614	
849	2913	218	
707	3897	2913	
935	490	3640	
2867	1479	3377	
37	3732	3551	
2515	1634	869	
3694	2674	2283	
2304	213	1947	
1792	149	1443	
748	749	1442	
1708	1445	792	
375	1811	1444	
1274	3260	1447	
146	2806	1446	
523	2096	1449	
1448	1988	1204	
3497	3305	1451	
741	1375	1450	
750	1128	3888	
3889	1618	2938	
1093	3039	2379	
710	1371	3943	
2930	2848	2555	
665	2555	2405	
1329	3258	1624	
2595	1329	1328	
3960	1299	1461	
190	1460	3064	
3109	3954	245	
3111	1000	2018	
67	2906	3745	
312	3343	2618	
298	2806	1467	
671	2189	1466	
893	522	401	
1917	401	1954	
427	28	1737	
870	1725	2324	
666	2957	3688	
809	3445	2893	
2400	277	571	
2925	3522	3215	
822	3490	1477	
190	3977	1476	
3468	2075	1479	
3949	1437	1478	
698	2578	1481	
2455	1480	2454	
460	1909	2727	
1415	3739	240	
341	2817	2137	
1501	2486	2816	
2754	2755	2144	
430	3104	184	
1670	2652	2891	
2653	803	2891	
826	362	3371	
3749	932	3371	
2343	1331	704	
152	1556	2368	
326	56	1191	
895	859	1752	
634	336	645	
1600	179	1241	
3911	145	2360	
3053	2197	743	
2192	2816	2773	
2577	1485	2192	
716	3030	3163	
3162	3163	323	
3229	662	3038	
1144	1151	295	
876	3430	1507	
1357	3767	1506	
2734	1431	2622	
3475	1968	834	
1749	147	363	
268	785	155	
2291	2983	766	
1589	333	3939	
628	1387	3032	
212	153	2603	
1991	536	1137	
327	2172	1183	
1330	60	3450	
3323	2939	3450	
1283	3083	3495	
930	931	2753	
598	1523	2375	
1522	827	305	
2145	2976	1525	
3562	357	1524	
3267	404	103	
1916	816	223	
3539	1224	3637	
623	622	3637	
1531	389	587	
2211	1530	786	
2926	388	199	
703	199	3317	
2840	410	3929	
3235	795	3363	
1154	3572	3654	
681	1223	3654	
1868	25	3684	
1237	3521	1348	
2953	226	3455	
3471	729	1373	
3117	586	3523	
587	3567	3523	
2731	3608	3587	
3609	2408	3587	
192	698	3867	
185	3456	3867	
1396	3804	1549	
3205	3193	1548	
2923	145	1551	
3983	3023	1550	
3706	1616	3559	
2498	821	2471	
3931	6	1555	
1745	790	1554	
370	1493	2707	
3053	2707	742	
50	3756	3878	
1642	2337	744	
3105	3092	2732	
3956	1581	2732	
3924	2992	2489	
2977	2489	653	
1228	2834	26	
2111	2986	2447	
2709	44	3555	
2321	803	3555	
129	596	3504	
787	3195	2401	
1606	1578	2711	
544	2256	2691	
3741	299	1156	
814	815	3309	
501	2687	826	
3476	2738	2687	
2551	237	2878	
2883	2505	2504	
1570	1607	2710	
1208	2193	2772	
3957	1163	3409	
905	1561	3409	
3725	2856	1583	
2956	809	1582	
3669	76	2431	
3803	1620	797	
366	749	1587	
813	812	1586	
2209	638	2892	
1513	455	2198	
633	321	1591	
2855	2639	1590	
1296	2615	2008	
452	3762	2662	
664	3084	2339	
3238	936	2339	
1948	2995	2625	
3845	2011	3915	
103	442	2058	
2058	971	2059	
1172	1497	1601	
782	783	1600	
2154	2868	3927	
1654	2869	3682	
913	892	1605	
1247	721	1604	
1570	2357	764	
788	1578	342	
3959	2199	1609	
2941	727	1608	
382	3524	2781	
2759	2781	22	
73	1140	2389	
1343	760	1689	
1790	1010	2099	
387	2187	2889	
2788	1552	820	
3935	920	3438	
347	1453	2975	
761	3687	2975	
1585	3394	390	
1758	3395	3803	
450	3407	1430	
2327	445	3407	
376	3816	1458	
3411	637	2445	
112	747	1627	
2888	264	1626	
2479	3822	1629	
1731	1628	2387	
980	497	1631	
651	1178	1630	
2740	1633	131	
3310	3783	1632	
3551	1439	2836	
3303	421	2515	
92	3947	3199	
1946	884	3499	
3099	3220	1639	
1694	2219	1638	
1351	2501	3281	
2443	1765	829	
1559	3180	745	
2044	1354	3132	
307	136	2786	
1317	3731	2440	
637	3817	3396	
367	377	3396	
1686	449	3290	
1768	1769	924	
3549	3940	84	
3939	2983	2203	
3196	974	2745	
3527	847	2745	
3927	1603	900	
373	3683	3481	
453	3462	3463	
928	453	2237	
3581	779	3717	
3492	365	2451	
2463	4	2681	
687	686	2681	
2759	3160	709	
2385	3160	2384	
64	526	3545	
832	2371	1672	
3275	1893	2839	
3167	228	1893	
3899	3898	0	
3247	849	2307	
1488	196	3062	
896	1843	3389	
1665	833	2259	
3725	332	2764	
1753	859	899	
1851	899	415	
1902	1831	2644	
2726	2552	944	
1102	2300	2170	
2148	3069	2988	
3708	1857	2532	
874	1857	483	
979	3761	1683	
870	2547	1682	
2200	435	2685	
664	909	2685	
1648	466	2902	
3953	2433	842	
3147	346	3169	
1613	753	3422	
715	2842	1284	
768	2367	3712	
40	606	3826	
1824	3729	2468	
1639	248	1695	
3789	2493	1694	
3558	821	1697	
2499	734	1696	
726	2940	3951	
927	1739	3951	
3360	3528	3361	
208	3529	2279	
440	2582	3149	
2979	3149	2825	
3593	1248	800	
424	2789	2416	
3129	93	3103	
1919	3103	2637	
1444	1709	793	
104	2059	1708	
2826	848	1711	
2336	745	1710	
878	3970	1713	
393	1712	2021	
1800	3774	1715	
1959	3715	1714	
964	3594	3750	
2010	1980	2570	
2124	1073	268	
1749	784	362	
2774	3095	2775	
68	3095	2185	
2507	1723	1328	
3848	2594	1722	
2862	209	3564	
871	1471	2227	
2738	3477	2438	
691	3964	2375	
407	908	3464	
2338	456	3501	
200	1731	2713	
1629	1730	3671	
2468	1733	2469	
1732	2771	824	
2299	2035	2236	
805	3973	1005	
3976	823	2917	
1279	2423	1470	
315	2352	2202	
926	1699	2202	
232	916	3575	
2747	1787	3658	
1974	1020	3488	
1934	2573	2459	
215	1852	2647	
1555	3047	3223	
2928	182	458	
880	3893	3607	
2687	2739	1749	
1510	1719	1748	
1918	435	2673	
819	3519	2717	
894	1495	203	
1674	782	203	
20	92	3707	
2855	735	2657	
228	2326	2838	
851	3333	221	
3076	1621	1759	
799	3940	1758	
31	2331	3865	
873	1901	3153	
936	3120	1844	
211	1176	3239	
2474	2349	2475	
2501	1641	2349	
164	2510	1215	
2736	443	1410	
383	1649	3913	
2179	1649	925	
1850	1851	898	
1877	202	2783	
2233	1773	2875	
2575	1814	1772	
2052	17	1775	
1774	1793	739	
986	3568	2402	
2872	696	2402	
2521	2697	62	
2697	867	2696	
3635	2213	1257	
877	3430	2399	
964	965	1783	
2162	2935	1782	
464	154	1785	
1878	977	1784	
3799	773	2747	
3575	1741	3615	
864	14	1789	
74	486	1788	
204	3467	1614	
3611	1985	2467	
1442	366	1793	
1792	1775	738	
1928	941	3179	
451	3179	3037	
62	1214	3267	
3648	889	1854	
3870	3046	1134	
773	1320	2751	
1714	2896	3426	
2902	2433	843	
246	3806	2966	
2966	3448	3449	
2837	3374	1805	
947	1950	1804	
1807	796	76	
2253	3769	1806	
1290	2464	3020	
931	3013	2605	
180	1832	1811	
374	1445	1810	
838	109	3279	
2	3096	3279	
906	1773	3743	
493	3514	3743	
1916	207	1817	
961	2003	1816	
38	892	1819	
913	912	1818	
960	480	1006	
813	890	480	
893	74	1823	
1019	522	1822	
831	1693	830	
489	989	3140	
3256	1827	3418	
173	1424	1826	
2780	224	2329	
3243	3110	2329	
916	2493	2191	
467	1676	3877	
1833	912	1810	
2032	1009	1832	
3473	109	1835	
2777	3952	1834	
471	3914	3583	
3849	3166	3583	
41	2562	3675	
853	2969	3675	
824	3660	825	
880	3606	3857	
76	2581	419	
897	1671	3755	
3677	1762	2134	
457	937	407	
3747	118	2074	
2522	3629	967	
3070	3004	1849	
473	3585	1848	
2271	414	1770	
369	1770	1675	
398	1744	3233	
1943	988	3693	
1797	1855	1302	
405	2815	1854	
2504	874	2882	
1680	1681	3285	
1960	273	1028	
2879	1898	2722	
3006	3744	3043	
2587	313	3043	
895	81	417	
326	2126	81	
3690	418	2749	
2748	2749	2819	
3674	2562	1867	
1992	2729	1866	
1538	2582	2648	
3154	2648	13	
437	2653	2652	
436	1945	1080	
718	1295	3619	
2210	3702	3703	
3534	510	1965	
2812	3262	1982	
416	858	1877	
1771	415	1876	
1785	976	1879	
239	243	1878	
120	514	1881	
865	993	1880	
2605	409	1883	
1911	3189	1882	
555	2383	2762	
2955	2763	3354	
3209	236	1887	
1886	3899	997	
777	1889	474	
3582	1888	18	
193	2650	2567	
2037	953	2719	
256	2589	1265	
1667	1666	3576	
657	421	479	
1316	841	3201	
977	465	453	
3749	933	1011	
1859	922	2551	
2723	237	1216	
3719	1379	2310	
872	1761	2363	
123	3920	1676	
2895	903	123	
789	1209	2773	
3439	920	217	
3449	2217	959	
3919	3918	494	
1	2596	2727	
945	1482	3739	
678	136	1911	
1883	3833	1910	
126	3594	2295	
2524	935	3641	
3903	1915	3902	
2851	1993	1914	
1527	981	1816	
981	1246	1469	
1750	434	2641	
862	1707	2828	
812	148	650	
960	961	148	
1046	2460	1923	
3175	3847	1922	
2946	2223	3392	
2328	3393	2223	
316	3616	2281	
915	2281	3617	
220	940	1794	
789	110	2535	
24	64	2370	
2495	2241	1035	
384	985	3483	
2477	3709	3228	
1743	938	1935	
3787	1934	3786	
3100	3170	2182	
3171	985	984	
1954	222	1027	
497	1027	651	
2334	3560	1941	
836	3818	1940	
1999	3895	2981	
1853	2612	2981	
3090	3830	130	
911	1871	3907	
1637	885	3533	
1441	429	3841	
3088	2079	1596	
2011	2995	475	
3270	1805	2395	
2184	3305	2395	
397	3661	2996	
3446	995	2996	
496	1469	1938	
980	981	496	
902	2731	2730	
640	3326	2434	
412	3714	3387	
1715	3775	3387	
1858	2205	2799	
2365	3899	996	
802	2864	3705	
359	2818	3705	
3113	999	4	
998	2813	1874	
3588	1967	3392	
956	2947	1966	
1509	423	3592	
800	921	3366	
2039	1971	509	
993	2013	1970	
3146	3147	705	
1030	1031	3143	
1742	498	2715	
1003	2944	2513	
2560	2699	2561	
2630	2698	2900	
1185	44	1074	
2386	949	2181	
3750	1717	3080	
3845	2010	2571	
3873	1875	1983	
1017	2466	1982	
89	80	1985	
3631	1791	1984	
38	486	1987	
893	400	1986	
1449	269	1037	
1037	2076	537	
75	1036	1991	
537	1516	1990	
1867	3390	2518	
42	1915	2518	
3186	430	3421	
846	3421	3699	
3896	2954	3145	
2955	1013	3145	
3447	3894	995	
2613	995	1942	
488	116	3401	
974	3272	3401	
960	2043	405	
405	817	1817	
506	3774	2833	
3776	2031	3427	
2425	605	2852	
3667	300	2852	
1592	121	3025	
2038	121	1005	
1717	1981	3050	
1949	1597	2624	
486	2013	865	
992	1971	2012	
3588	468	106	
3111	3381	468	
2217	2216	138	
1052	2081	3185	
3711	3380	1463	
3513	3955	2065	
2267	3854	2021	
1713	3971	2020	
97	2023	3122	
2952	729	2022	
2025	3358	2070	
528	491	2024	
2626	3458	2741	
1035	3459	3831	
954	2986	3253	
485	2056	3253	
732	3098	3777	
1025	2005	2289	
1833	1388	2285	
1033	3248	2285	
70	2035	3972	
1734	2034	2631	
55	2992	2719	
3625	1891	2993	
2009	2039	2250	
1970	2038	239	
986	3106	2528	
30	2529	2528	
2373	2119	1006	
2793	2002	2119	
219	2724	1643	
3597	219	2779	
3830	548	3613	
1039	3904	3613	
2951	538	525	
3542	1146	2105	
247	3112	2051	
2794	3535	2050	
1774	324	1026	
1027	140	1026	
1066	3579	3060	
3639	3001	3579	
3399	2029	2333	
3003	2073	1043	
1599	970	1598	
1599	165	1709	
56	1136	583	
1060	1136	518	
45	2900	2063	
2699	1047	2062	
262	65	3512	
1055	1021	2019	
5	923	3651	
3315	2092	1029	
1360	292	3653	
3653	2241	1034	
254	3359	2024	
1062	2089	2761	
2080	565	3552	
2333	2057	3398	
1846	3629	966	
3948	1478	3885	
1989	269	1014	
1072	1014	2082	
2585	719	2079	
3623	1948	2078	
2072	139	2811	
1053	2017	2971	
2077	281	2083	
2082	864	514	
120	154	2085	
2124	1072	2084	
2876	2239	1010	
205	2607	2186	
660	3344	3591	
1063	2071	3591	
3372	2091	3373	
3355	71	2090	
3248	2067	2093	
2317	508	2092	
57	951	2686	
3749	3748	2876	
1015	1448	2097	
1019	1018	2096	
2099	2238	1016	
3282	1614	2098	
2503	2558	3320	
742	2706	1048	
910	3091	2804	
130	2627	3091	
3542	3314	1147	
2317	2049	2316	
549	3	3131	
1039	3612	3605	
3601	3700	2109	
3863	2391	2108	
1001	225	2945	
1565	955	1003	
2244	323	1008	
1103	2244	2245	
3274	1023	1022	
256	503	1023	
266	3644	2117	
2168	3176	2116	
2927	78	2926	
2043	2042	2415	
1056	270	2121	
53	17	2120	
532	244	2705	
3578	1066	3485	
2085	1718	515	
1089	268	1088	
557	1190	1863	
2172	556	1190	
2941	726	2654	
1133	1132	85	
2131	1051	3348	
1050	3373	2130	
3527	354	3231	
1346	2411	1124	
1844	2665	3492	
1110	3073	1177	
1130	168	1174	
1484	2486	2487	
3196	230	2139	
3515	2832	2138	
3880	3525	1054	
3710	505	3711	
3008	3067	1131	
341	3066	3067	
2847	3135	1486	
1524	3722	3647	
1069	519	2147	
271	1205	2146	
2989	286	1679	
1285	2989	360	
1271	3296	2405	
379	665	3296	
1335	2526	3010	
542	1145	3339	
595	174	1602	
3361	1345	2880	
124	1123	2313	
2341	1106	2229	
3716	2821	1349	
858	2821	3125	
108	3881	200	
3510	3880	2508	
1783	521	2565	
1062	1064	3207	
1391	746	534	
1040	1041	3061	
518	33	2167	
270	1069	2166	
1058	547	2117	
2457	2428	1433	
2301	1678	105	
1217	2245	2355	
2127	557	1517	
1182	327	363	
34	1108	144	
581	2621	34	
2218	733	2177	
2646	398	2176	
917	466	2179	
3290	1769	2178	
2320	44	2181	
559	1979	2180	
1936	984	3208	
384	2336	984	
1951	255	2185	
1721	741	2184	
2087	845	2187	
1615	2186	3175	
1311	304	2189	
1467	1336	2188	
917	925	2191	
3877	1830	2190	
2193	1501	1500	
2576	2192	1579	
216	2568	2195	
821	3559	2194	
2942	69	2197	
2360	1499	2196	
2892	1589	639	
1608	639	159	
2672	1684	2201	
909	3500	2200	
1738	1739	767	
1651	767	3981	
2346	1051	2205	
3650	2204	1960	
97	3828	2207	
778	3049	2206	
372	175	1153	
1588	1153	3210	
1873	3566	1244	
3045	1531	274	
2583	440	2213	
2399	1780	2212	
2640	1194	2215	
577	296	2214	
3662	2016	564	
3918	1906	2016	
2176	1315	2219	
1639	2492	2218	
3752	2221	256	
2548	521	2220	
3738	460	2223	
1925	1924	2222	
54	808	2225	
1203	1202	2224	
3761	463	2227	
3564	1725	2226	
1122	554	2229	
2157	2313	2228	
182	3607	2231	
881	740	2230	
1280	172	2233	
2574	1772	2232	
3778	83	2235	
2530	310	2234	
1734	2237	465	
1657	2236	2631	
2098	2239	2536	
500	2238	2086	
3556	527	292	
1931	2069	527	
958	3448	2243	
264	1227	2242	
692	2113	2112	
2113	1127	2171	
235	677	2247	
1362	1363	2246	
3312	1155	2249	
3517	1253	2248	
3025	2038	2251	
1004	3024	2250	
419	3096	2253	
2728	1807	2252	
707	2912	2255	
1355	3818	2254	
343	1571	2257	
3351	1174	2256	
771	2670	2259	
2764	2258	1672	
3626	163	2261	
543	3079	2260	
607	306	2263	
86	3227	2262	
1112	3786	2265	
558	2632	2264	
2871	462	2267	
2020	2546	2266	
2564	1064	2269	
2761	3359	2268	
3435	16	898	
335	1850	16	
3162	566	2273	
2406	1216	2272	
599	690	28	
2916	1279	1278	
3370	932	2277	
3467	2276	1010	
2661	879	2279	
1701	3360	2278	
2958	624	2281	
1926	1927	2280	
673	429	2283	
213	1440	2282	
3414	5	2285	
2033	2032	2284	
940	2535	2287	
713	3508	2286	
988	2980	2289	
2031	3777	2288	
454	767	2291	
1512	3549	2290	
3297	1271	2293	
2692	2292	1399	
2934	934	2295	
3641	1912	2294	
320	1380	2297	
1100	1238	2296	
243	1005	2299	
3973	1734	2298	
1126	793	1678	
626	2960	2170	
316	624	2303	
3842	1223	2302	
1441	759	2797	
2854	321	759	
218	3144	2307	
3898	1669	2306	
478	3746	2309	
1413	3932	2308	
1900	2363	2311	
3532	429	2310	
2446	954	2313	
2156	2229	2312	
1166	424	2315	
3935	101	2314	
1032	508	2105	
2105	2093	3315	
414	725	2319	
1301	1172	2318	
2180	948	2321	
2890	1567	2320	
1101	1239	2323	
321	2322	1395	
2870	1471	9	
1310	871	1192	
1756	2327	3406	
3333	1623	2326	
1925	882	2329	
1828	1829	2328	
3198	884	2331	
3153	1760	2330	
2512	498	2333	
2073	2056	2332	
1940	106	2335	
3381	1001	2334	
1711	2183	2337	
3878	1559	2336	
1729	909	2339	
1594	1595	2338	
252	2341	2762	
2157	1107	2340	
300	3666	2343	
3146	1492	2342	
561	585	2345	
1231	2557	2344	
996	3348	2204	
151	1051	2358	
1285	2349	286	
1765	1764	2348	
3727	632	2351	
83	1239	2350	
1738	3632	2353	
625	3656	2352	
1102	2960	2355	
2171	2354	189	
428	31	2357	
2691	1606	2356	
3373	71	2347	
2701	1212	71	
2197	1498	2361	
371	2490	2360	
212	3033	2363	
1901	2310	2362	
2879	997	2365	
1961	476	2364	
2659	2921	2367	
2843	1691	2366	
3340	1493	2369	
301	604	2368	
2688	1930	2371	
1665	2370	3545	
3316	702	703	
2042	703	36	
2802	598	1278	
2438	1727	1522	
3440	1121	2377	
561	296	2376	
187	711	2379	
2617	1454	2378	
51	902	2381	
1415	2419	2380	
3355	3372	3354	
1884	517	3354	
22	2596	1663	
2420	1663	1	
2713	2387	1979	
1629	3823	2386	
752	753	2389	
760	1612	2388	
3056	3057	1030	
2109	1031	3057	
3763	1432	547	
1432	2428	2429	
491	2395	2525	
1951	1950	2394	
758	2985	2397	
3307	311	2396	
594	350	2399	
2213	1781	2398	
1474	3852	2401	
3504	1569	2400	
1776	1777	2403	
3781	915	2402	
2849	2914	2405	
2150	1457	2404	
2273	1217	2407	
3284	874	2406	
641	1545	2409	
1334	588	2408	
354	35	2411	
2133	3868	2410	
1337	827	2413	
598	2803	2412	
1244	36	702	
2792	2119	36	
2417	1705	820	
2772	1209	2416	
240	3537	2419	
1414	2381	2418	
3161	2385	2421	
467	925	2420	
978	462	2423	
1737	2917	2422	
704	2425	300	
3460	2006	2424	
828	2427	2500	
1350	3281	2426	
2393	2169	1059	
267	547	2393	
796	797	2431	
390	1584	2430	
3788	248	2433	
1687	1801	2432	
2730	1957	2435	
3659	903	2434	
1158	552	2437	
185	2733	2436	
2375	1726	2439	
113	691	2438	
2786	1645	2441	
3075	285	2440	
795	2533	2443	
2475	1641	2442	
1328	3410	2445	
1625	2506	2444	
2312	1106	2447	
2834	1565	2446	
1267	3193	2449	
1385	1363	2448	
3677	2451	457	
1659	3717	2450	
73	552	2453	
1141	3056	2452	
1342	3686	1481	
736	1481	352	
762	2457	2614	
2169	2456	125	
1043	498	2459	
3488	1743	2458	
1922	386	1390	
45	746	386	
1034	3835	2463	
1660	3652	2462	
570	1808	2465	
129	2464	2887	
3282	1983	204	
1791	3546	1017	
3150	1732	1693	
825	3276	1732	
100	2498	334	
2569	334	1553	
2779	433	2473	
689	1408	2472	
626	1764	2961	
2443	287	1764	
3757	50	2477	
1933	2476	3483	
756	709	2479	
3913	1628	2478	
922	3268	2481	
717	2550	2480	
1413	840	2483	
421	3201	2482	
307	3018	2485	
1149	1148	2484	
1485	168	2137	
3066	2137	1130	
55	356	2489	
1563	1562	2488	
743	2361	2491	
1386	1387	2490	
232	2219	2493	
1695	1830	2492	
1034	2495	24	
1931	3164	2494	
63	3012	2497	
597	3040	2496	
1553	2470	2499	
2638	1697	2498	
188	2426	2501	
1640	1765	2500	
345	69	2503	
2100	1324	2502	
1216	1856	1577	
1577	3171	2723	
2445	444	2507	
851	1722	2506	
1021	2161	2509	
3881	3114	2508	
1766	866	2511	
3665	3432	2510	
2332	485	2513	
1975	2715	2512	
657	868	2515	
1439	1635	2514	
278	1202	2517	
1318	3379	2516	
1992	1993	2519	
943	807	2518	
2767	1366	2521	
3041	1778	2520	
1847	3885	2523	
479	840	2522	
1913	3358	2525	
2394	947	2524	
1144	2152	2527	
187	349	2526	
1308	2041	2040	
728	3568	2041	
2235	3357	2531	
683	1292	2530	
1680	2533	3235	
411	2442	2532	
217	3087	2535	
1929	2286	2534	
2238	387	3807	
1016	3807	3806	
1269	3945	2539	
1200	1201	2538	
1158	135	2541	
2586	1307	2540	
591	3633	2543	
1273	2743	2542	
3309	309	2545	
568	1157	2544	
2267	208	2547	
879	1683	2546	
2221	520	2549	
1064	2565	2548	
2481	716	2551	
1576	1898	2550	
2644	1677	2553	
461	123	2552	
210	2636	2555	
1456	1457	2554	
584	46	2557	
1230	2345	2556	
2100	1325	513	
3720	513	1049	
3645	1047	1976	
3540	1976	70	
1866	1838	2563	
412	3390	2562	
2268	257	2565	
2162	2549	2564	
43	3034	2567	
3625	1890	2566	
2194	635	2569	
654	2471	2568	
3595	1717	3594	
656	1981	3595	
3787	99	2573	
939	1743	2572	
2233	942	2575	
3742	1773	2574	
2193	342	2577	
712	1501	2576	
1342	1480	2579	
192	760	2578	
3669	167	2581	
3755	1842	2580	
1868	1702	2583	
2212	13	2582	
982	3116	2585	
2078	3088	2584	
2541	1306	2587	
1861	649	2586	
856	3436	2589	
1892	19	2588	
3558	20	2591	
3706	2590	2710	
1038	2593	3130	
23	1202	2592	
1723	18	2595	
777	1459	2594	
1908	2384	2597	
882	460	2596	
1415	811	945	
2726	945	461	
278	573	2601	
667	1407	2600	
301	370	2603	
3032	1515	2602	
886	3765	2605	
1809	1882	2604	
242	3850	2607	
2087	2606	3463	
3090	1080	2609	
911	548	2608	
3611	950	89	
3477	89	113	
1943	989	2613	
2997	1999	2612	
2456	1433	2615	
2662	1592	2614	
348	663	2617	
2379	1371	2616	
1326	2619	1465	
649	3042	2618	
1108	2621	290	
2175	1130	2620	
1508	2667	891	
2734	891	377	
2011	962	2625	
229	1596	2624	
2026	131	2627	
2805	2103	2626	
209	1356	2629	
1207	3620	2628	
1977	59	2631	
2237	2035	2630	
540	2265	2633	
2708	910	2632	
770	878	2671	
2670	2671	394	
93	2554	2637	
1707	2636	863	
2499	320	2639	
1591	2656	2638	
2214	132	2641	
2828	1918	2640	
660	127	2643	
1323	661	2642	
2552	1676	2645	
467	944	2644	
2177	790	2647	
3223	1744	2646	
1868	1869	968	
3520	968	2791	
562	1890	2651	
1128	3383	2650	
1488	197	1870	
1489	1870	2905	
2128	1132	2655	
3480	727	2654	
734	2639	2657	
1755	3946	2656	
768	289	2659	
3264	2366	2658	
1338	1339	2661	
2278	595	2660	
2615	1593	2663	
805	121	2662	
202	1259	1111	
170	617	2134	
1430	445	2667	
636	2622	2666	
392	685	2669	
1299	1298	2668	
832	2258	2635	
2634	2635	1305	
2200	1372	2673	
2717	1750	2672	
672	1440	2675	
1402	1403	2674	
731	99	2677	
1112	1113	2676	
1118	1114	2679	
3853	478	2678	
999	3324	2681	
1661	1660	2680	
314	1313	2683	
157	1419	2682	
863	210	2685	
1685	1684	2684	
3630	826	2094	
1748	1574	1575	
2370	1298	2689	
1299	684	2688	
712	764	2691	
2357	1571	2690	
1177	2293	2693	
2782	1110	2692	
87	2695	3487	
1316	1317	2694	
3814	854	1779	
1778	1779	1214	
70	2699	1977	
2063	2698	1976	
1353	303	2701	
2359	1213	2700	
887	3832	2703	
1119	1118	2702	
3485	1041	2705	
2964	2122	2704	
3862	2101	2707	
1557	1556	2706	
2633	1074	2709	
1566	1075	2708	
2591	3707	1578	
765	1570	3707	
559	108	2713	
2386	2712	1730	
3108	245	2715	
1974	2513	2714	
818	434	2717	
2673	1751	2716	
674	1168	2719	
1891	2718	2036	
3078	294	2721	
1421	3887	2720	
1859	2878	477	
2505	875	1899	
2044	3596	2725	
1355	1354	2724	
1677	2727	2599	
1908	1482	2726	
2253	806	2729	
1867	807	2728	
2895	1956	2434	
1544	640	1956	
1560	1561	2733	
135	2437	2732	
1254	1508	2623	
377	79	1254	
1767	2842	2737	
1411	165	2736	
1726	305	1575	
827	1748	305	
1632	2741	3556	
2026	1070	2740	
77	774	2743	
1272	2543	2742	
846	230	2745	
1652	1653	2744	
233	973	2747	
1741	1786	2746	
2776	109	1865	
1864	1865	838	
1134	3054	2751	
1799	338	2750	
593	3204	2753	
1521	3495	2752	
1281	184	1486	
699	1486	3104	
1374	3369	2757	
3094	183	2756	
756	382	2759	
1611	1662	2758	
1116	2884	2761	
2269	2071	2760	
2340	1884	2763	
1885	1012	2762	
2259	2765	1673	
3	2856	2764	
62	3923	2767	
330	2520	2766	
3505	275	2769	
3649	2768	1079	
1235	600	1180	
3151	1180	1733	
2417	1579	2773	
1500	1904	2772	
183	1720	780	
67	3744	1720	
2748	1200	2777	
2903	1835	2776	
107	1370	2779	
2472	2045	2778	
1828	708	2781	
1611	1610	2780	
1399	2783	2693	
1771	2782	369	
252	1012	2785	
2910	1228	2784	
2440	1644	2787	
678	1317	2786	
216	1616	2789	
1705	801	2788	
97	32	969	
406	969	2649	
1303	1007	2415	
481	2043	1007	
3491	2795	2051	
113	950	2794	
1276	3695	2797	
2304	1395	2796	
3314	273	2799	
1960	151	2798	
1404	472	2801	
316	681	2800	
2374	690	2803	
670	2413	2802	
540	2102	2805	
2627	1081	2804	
1447	1466	2807	
643	2806	2831	
1143	1221	1220	
723	722	1221	
1052	565	2811	
2080	2971	2810	
3872	998	1875	
3324	1965	687	
3118	2815	614	
1855	481	2814	
1500	1485	2817	
1484	110	2816	
418	1963	2819	
1201	1865	2818	
82	3580	2821	
2159	2820	2158	
182	994	2823	
3446	214	2822	
299	2825	3308	
1703	814	2824	
3247	1710	2827	
745	3133	2826	
2641	1919	2829	
863	435	2828	
298	3506	2831	
1193	2807	2830	
975	2139	3427	
3426	3427	2004	
2447	1564	2835	
484	955	2834	
1634	868	2837	
1804	3271	2836	
1756	111	2839	
856	1666	2838	
1534	2841	186	
1151	3038	2840	
2736	2843	1690	
1410	2367	2842	
1192	304	2845	
1311	1310	2844	
698	2847	699	
736	2144	2846	
1456	1142	2849	
682	2404	2848	
775	3058	2851	
943	1915	2850	
2007	2006	2853	
1359	585	2852	
2305	177	2855	
1755	1591	2854	
1582	2765	2857	
549	808	2856	
1272	590	2859	
55	1168	2858	
726	94	2959	
2958	2959	1077	
1724	441	1356	
3016	1356	1357	
1962	948	2865	
358	3967	2864	
420	868	2867	
3469	1437	2866	
1602	2881	2869	
372	1603	2868	
2324	427	2871	
2266	870	2870	
1777	3569	2873	
1368	3155	2872	
906	3420	2875	
1772	2874	1281	
932	2095	2086	
387	500	205	
875	2722	1576	
3415	1859	2364	
174	2155	2881	
175	2868	2880	
1856	3482	2883	
985	1577	2882	
528	2760	2885	
1117	255	2884	
1366	596	2887	
2465	1290	2886	
3808	1627	844	
1615	844	747	
2321	802	2891	
1488	1489	2890	
2198	1588	2893	
1473	333	2892	
461	811	2895	
2730	1903	2894	
3331	1800	2897	
3715	990	2896	
3673	539	3821	
1296	3025	3024	
1977	2062	2901	
386	59	2900	
1686	1801	2903	
2777	449	2902	
436	803	2905	
2653	3907	2904	
529	1464	2907	
1117	1116	2906	
1080	263	2909	
910	1075	2908	
2785	1229	2911	
707	836	2910	
439	2254	2913	
1435	1434	2912	
2404	1270	2915	
368	1271	2914	
3965	2917	2275	
1736	2423	2916	
3643	723	2919	
1231	1359	2918	
188	627	828	
2366	10	1284	
3023	620	2923	
371	1550	2922	
277	786	2925	
587	1475	2924	
3255	1532	2118	
1006	2118	199	
994	1746	2929	
355	3869	2928	
93	630	1456	
631	1142	630	
95	900	2933	
1161	1160	2932	
2294	964	2935	
1783	257	2934	
897	167	2937	
1319	572	2936	
3168	751	1453	
1519	3888	751	
1698	3980	927	
2128	1609	3980	
2196	742	2943	
1049	1325	2942	
3108	1975	2945	
3793	2110	2944	
432	1924	2947	
1967	957	2946	
542	163	2949	
1251	3365	2948	
2951	525	1004	
2950	1032	2048	
2023	969	2953	
1368	1540	2952	
706	2955	1996	
1885	1997	2954	
808	2957	1583	
1472	3445	2956	
2280	85	2861	
2860	2861	1132	
2354	2301	2961	
2474	567	2960	
590	774	2963	
3059	1427	2962	
2705	1040	2965	
546	535	2964	
1802	1803	2967	
959	495	2966	
990	41	2969	
1839	3472	2968	
499	1364	2971	
2081	2811	2970	
433	1370	2973	
91	1242	2972	
193	3624	2975	
1619	1618	2974	
1524	3646	2977	
1563	2976	3925	
877	440	2979	
1703	918	2978	
507	2288	2981	
1943	1942	2980	
333	3444	2983	
1512	1651	2982	
310	378	2985	
631	2396	2984	
2028	1565	2987	
1003	485	2986	
714	181	1679	
2148	361	2149	
1300	1301	2991	
3726	2990	47	
2036	1562	2993	
952	2037	2992	
983	2995	3623	
1949	1596	2994	
1952	1953	2997	
2613	489	2996	
291	620	2999	
1175	1094	2998	
534	3001	3809	
2055	1227	3000	
1042	1067	3003	
2057	3552	3002	
3780	1848	3005	
1133	3004	373	
780	1860	3007	
313	1163	3006	
2142	1260	3009	
1199	3509	3008	
3338	3339	2152	
589	588	3339	
930	2496	3013	
3020	1809	3012	
292	3015	3557	
1361	138	3014	
1206	2863	3017	
919	918	3016	
551	2484	3019	
3530	1382	3018	
3013	1808	409	
3832	409	570	
3350	545	1109	
1551	1109	2922	
2899	2251	3673	
2008	2250	2899	
1308	1309	3027	
3968	30	3026	
669	294	3029	
1225	3811	3028	
1502	717	3031	
1389	3030	693	
2603	1514	3033	
629	2362	3032	
953	2566	3035	
1312	1313	3034	
578	3037	3437	
1795	1198	3036	
1504	2841	3039	
349	1454	3038	
1291	2497	3041	
1367	2521	3040	
312	2619	3043	
1861	1860	3042	
206	1007	3045	
1245	2211	3044	
6	1798	3047	
791	1745	3046	
1258	3049	647	
1348	2207	3048	
3080	2010	3051	
3915	963	3050	
628	370	3053	
1557	1499	3052	
2750	6	3055	
233	773	3054	
1140	2453	2390	
2391	2390	553	
173	2850	3059	
2963	1425	3058	
2054	534	3061	
746	2165	3060	
1670	3389	3063	
897	197	3062	
1461	685	3065	
3855	191	3064	
2487	581	2143	
579	2143	2142	
626	3069	286	
105	1679	3068	
373	1848	3071	
3859	1161	3070	
3121	1176	3073	
2135	1111	3072	
3151	137	3075	
2441	1181	3074	
1758	3548	3077	
166	3395	3076	
2720	1422	3079	
1224	2261	3078	
1980	3050	3081	
470	1022	3080	
1282	3801	3083	
235	1520	3082	
1594	665	3085	
379	3238	3084	
920	422	3087	
789	2534	3086	
2585	1948	3089	
229	3884	3088	
2608	1944	263	
2102	263	2103	
1560	430	3093	
904	3956	3092	
2757	741	3095	
1721	1720	3094	
1813	2252	3097	
839	3691	3096	
117	2030	3099	
1638	1315	3098	
1936	3209	3101	
997	477	3100	
46	3334	3103	
1706	1707	3102	
2755	1487	3105	
1560	353	3104	
472	3107	2040	
1308	3106	194	
2944	1002	2714	
3711	1462	1002	
883	1829	3111	
1463	2015	3110	
3490	2050	3113	
1964	3961	3112	
3158	504	2509	
3512	1021	504	
3618	2584	3117	
1542	128	3116	
2814	3119	1302	
615	3118	3194	
1762	3239	3121	
3072	170	3120	
2022	3123	3829	
3471	407	3122	
3493	171	365	
3716	365	2159	
898	369	3127	
616	3435	3126	
1143	630	3129	
1706	96	3128	
2592	1203	3605	
3604	3605	2106	
3180	1643	3133	
385	2827	3132	
736	3647	3135	
737	2144	3134	
754	619	3137	
1374	1332	3136	
1420	3346	3139	
1197	575	3138	
830	1825	3141	
215	3222	3140	
705	3240	3143	
1973	3341	3142	
516	2306	3145	
1996	1997	3144	
2343	1330	1972	
1972	1688	12	
3684	814	3149	
1703	1702	3148	
2468	396	3151	
3074	2771	3150	
872	15	3153	
2331	1761	3152	
406	1869	3155	
1369	2873	3154	
1338	1160	3157	
3766	88	3156	
3114	108	3159	
559	1185	3158	
1662	1663	3161	
2420	383	3160	
2272	114	1503	
1389	1503	1502	
64	2495	3165	
1035	3905	3164	
3577	1837	3167	
860	1667	3166	
2938	3422	3169	
3429	1688	3168	
1936	482	3171	
1937	3170	2505	
474	3622	3173	
3825	1294	3172	
1390	844	3175	
2187	1923	3174	
3424	2117	3177	
267	533	3176	
3475	220	3179	
1794	1795	3178	
3132	1642	3181	
107	219	3180	
3394	279	1218	
167	1218	1219	
564	1226	3185	
2017	3662	3184	
904	1994	3187	
846	847	3186	
136	1148	3189	
886	1883	3188	
34	580	3191	
1131	581	3190	
3664	866	3193	
1549	2448	3192	
3119	274	3195	
786	1569	3194	
1652	2138	3197	
975	3272	3196	
2330	428	3199	
1636	3499	3198	
3303	251	3201	
1895	2483	3200	
1211	153	3203	
1379	3718	3202	
143	2752	1384	
1549	1384	1385	
1322	127	3207	
2163	520	3206	
2182	848	3209	
1886	3100	3208	
2209	1152	3211	
332	3724	3210	
3892	11	3213	
1235	3219	3212	
3747	276	3215	
277	1475	3214	
688	1242	3217	
241	3216	318	
679	284	3219	
1234	3213	3218	
1638	732	3221	
842	248	3220	
831	3141	3223	
2647	1745	3222	
3941	799	3225	
1425	774	3224	
3978	550	3227	
1233	2263	3226	
1933	115	1092	
1504	1093	115	
431	847	3231	
2132	1162	3230	
117	1314	3233	
1852	3693	3232	
662	794	3235	
2532	1535	3234	
1344	1305	3237	
395	1152	3236	
1595	3085	3239	
1763	3120	3238	
3142	12	3241	
260	1030	3240	
224	469	3243	
1000	1829	3242	
1386	1094	3245	
872	629	3244	
236	848	3247	
2826	1669	3246	
2092	2033	3249	
524	1029	3248	
217	940	3251	
3367	921	3250	
1104	3442	3253	
2028	2029	3252	
3258	198	3255	
2926	376	3254	
1826	413	3257	
943	173	3256	
3254	1458	3259	
777	1294	3258	
642	1446	3261	
1275	3741	3260	
1875	510	3263	
3610	1017	3262	
1266	2659	3265	
592	575	3264	
889	888	3922	
1796	1526	3922	
2480	322	3269	
693	717	3268	
1950	3304	3271	
37	2837	3270	
2001	3197	3273	
1025	507	3272	
2114	470	3275	
1666	19	3274	
830	2469	3277	
397	489	3276	
3473	853	3279	
1813	1812	3278	
668	410	3281	
1640	2427	3280	
2466	2099	3283	
246	495	3282	
2407	189	3285	
411	1857	3284	
1122	267	3287	
1059	1170	3286	
8	3518	3289	
3573	680	3288	
2179	1648	3291	
612	924	3290	
1332	183	3293	
780	755	3292	
91	711	3295	
1243	1242	3294	
2150	3297	2151	
211	3296	2292	
1194	434	3299	
8	576	3298	
580	3301	1098	
144	1099	3300	
869	284	3303	
3200	1635	3302	
946	3270	3305	
1951	1450	3304	
1402	328	3307	
2397	1220	3306	
308	2824	3309	
1573	2544	3308	
1633	730	3311	
1053	1364	3310	
2248	1154	3313	
1312	43	3312	
2798	2104	3315	
2317	2067	3314	
718	2372	3317	
1533	3824	3316	
234	1148	3319	
1149	550	3318	
2100	1326	3321	
3343	701	3320	
3329	560	3323	
750	1519	3322	
2813	2680	3325	
247	3534	3324	
162	1957	3327	
3364	319	3326	
1186	1121	3329	
3322	60	3328	
842	122	3331	
2896	231	3330	
228	860	3333	
1757	2327	3332	
96	3102	3335	
584	1287	3334	
3344	3337	344	
1393	3336	1392	
3810	1150	3010	
3011	3010	2153	
2368	1331	3341	
3143	152	3340	
529	344	700	
700	3321	1465	
3336	3345	2088	
529	1063	3344	
27	3138	3347	
669	1428	3346	
2130	2346	3349	
0	516	3348	
290	3351	3022	
2257	1095	3350	
1334	711	3353	
187	1335	3352	
2382	1885	2383	
611	2091	2382	
1400	1398	3357	
2530	1293	3356	
2024	2524	934	
528	2070	2269	
2279	1700	174	
1344	2155	1700	
1351	410	3363	
186	1535	3362	
3327	1250	3365	
1145	2949	3364	
3592	1969	3367	
3251	834	3366	
1347	458	3369	
1375	2756	3368	
2276	57	3371	
1490	1491	3370	
2382	2090	1013	
2358	2131	2090	
1804	420	3375	
935	947	3374	
656	502	3377	
490	1437	3376	
437	572	3379	
573	2517	3378	
2018	225	3381	
2335	2015	3380	
750	133	3383	
1129	2651	3382	
1131	1264	3385	
1260	3384	340	
3742	492	3387	
1958	1959	3386	
3704	418	3389	
1671	3062	3388	
1992	2563	3391	
942	42	3390	
1966	1924	3393	
1925	883	3392	
3182	1620	3395	
1621	3077	3394	
1646	1647	1255	
1255	444	637	
2073	1067	3399	
58	2056	3398	
1124	35	3401	
2001	2000	3400	
1312	156	3403	
675	1313	3402	
125	302	3405	
3794	1170	3404	
850	2326	3407	
1623	1622	3406	
313	1306	3409	
1581	1580	3408	
2444	1329	3411	
3816	1625	3410	
1108	1109	3413	
621	3890	3412	
1139	29	2284	
2879	29	1138	
1091	604	3417	
301	153	3416	
1826	3419	3768	
391	797	3418	
184	2874	3421	
1995	1994	3420	
3168	347	1689	
3687	1343	347	
266	3176	3425	
3443	1105	3424	
1800	1024	2833	
2832	2833	2005	
752	12	3429	
3169	753	3428	
1506	1781	3431	
919	1357	3430	
442	2511	3433	
855	971	3432	
368	724	3435	
2270	3127	3434	
340	2588	3437	
3036	1261	3436	
800	1617	3439	
1905	921	3438	
2376	1120	3441	
563	133	3440	
124	3252	3443	
3425	533	3442	
158	2982	3445	
1473	2957	3444	
1953	2823	3447	
3917	1998	3446	
112	2242	1803	
1906	1803	958	
1518	1519	3451	
751	346	3450	
28	9	3453	
1311	599	3452	
728	987	3455	
729	1540	3454	
1547	552	3457	
73	192	3456	
2026	259	3459	
2027	1070	3458	
2425	1091	3461	
1210	3839	3460	
928	845	1656	
3851	1656	2607	
1728	3501	3465	
457	3464	456	
3547	57	3467	
1790	3466	2277	
479	1478	3469	
2867	657	3468	
195	908	3471	
3123	1541	3470	
852	2969	3473	
3278	1834	3472	
450	3790	3475	
3178	3474	1509	
1575	80	3477	
2611	1726	3476	
1333	755	3479	
7	1162	3478	
2655	1133	3481	
1655	901	3480	
2882	483	3483	
2477	1932	3482	
244	1067	3485	
2123	2704	3484	
3833	887	3487	
2694	678	3486	
2459	1742	3489	
3513	938	3488	
3112	1476	3491	
2794	3490	426	
1659	2134	3493	
617	3124	3492	
408	403	3495	
1520	2753	3494	
1375	740	3497	
459	1450	3496	
735	177	3499	
1637	3199	3498	
908	2201	3501	
1729	3464	3500	
360	574	3503	
188	1285	3502	
2401	1568	3505	
2768	787	3504	
2830	1192	3565	
3564	3565	871	
941	2287	3509	
579	3009	3508	
2161	1055	3511	
3710	469	3510	
3115	2064	3513	
3489	2019	3512	
3698	1815	3515	
506	2139	3514	
1252	3901	283	
563	283	2249	
194	3288	1309	
1751	1309	818	
2649	32	3521	
1539	3734	3520	
118	1475	3523	
1543	1542	3522	
224	1610	3525	
2140	469	3524	
974	35	3527	
2132	1653	3526	
770	1700	3529	
1701	3970	3528	
3019	1383	3531	
137	3728	3530	
2311	873	3533	
1946	3841	3532	
1874	3325	3535	
2051	1045	3534	
432	1408	3537	
689	2418	3536	
622	86	3539	
90	1528	3538	
2561	929	3541	
3763	1058	3540	
2049	2104	3543	
1212	303	3542	
3604	833	3545	
2371	1664	3544	
204	2467	3547	
951	3466	3546	
798	3076	3549	
1650	2291	3548	
66	1234	3551	
1634	1438	3550	
2072	3003	3553	
1043	939	3552	
436	1075	3555	
1566	1567	3554	
2740	2240	3557	
730	3556	3014	
1696	2590	3559	
1552	2195	3558	
1940	98	3561	
438	836	3560	
1525	653	3563	
1427	775	3562	
2227	1724	3507	
3506	3507	608	
389	2210	3567	
128	1543	3566	
1776	2529	3569	
226	2872	3568	
3798	1321	3571	
3680	603	3570	
1536	282	1405	
1404	1405	3289	
446	972	3575	
1787	1740	3574	
1893	857	3577	
471	3166	3576	
2123	1042	3579	
2055	2054	3578	
2820	647	1349	
1658	1349	778	
861	1889	3583	
1837	1836	3582	
3634	1257	3585	
227	1849	3584	
1250	640	3587	
1544	1545	3586	
1966	2014	3589	
837	956	3588	
1062	127	3591	
2088	2089	3590	
3366	1968	3593	
79	1704	3592	
1716	1912	2570	
2570	502	2571	
956	2724	3597	
2045	957	3596	
499	99	3599	
1365	1364	3598	
1159	648	3601	
2108	553	3600	
646	568	3603	
1237	3602	3735	
3544	258	3131	
3130	3131	2107	
214	1841	3607	
1747	2230	3606	
1544	51	3609	
318	1545	3608	
3263	511	3611	
2610	1791	3610	
1038	2107	3613	
2047	2046	3612	
733	232	3615	
1787	973	3614	
1926	472	3617	
986	1927	3616	
719	3116	3619	
3703	1872	3618	
609	2629	3621	
1275	1274	3620	
21	3172	3623	
2994	2079	3622	
952	2974	3625	
2567	2037	3624	
2260	602	3627	
1189	163	3626	
118	586	3629	
1847	2074	3628	
501	2686	3631	
951	1985	3630	
1419	2352	3633	
315	2542	3632	
3584	1256	3635	
697	1780	3634	
3800	676	3637	
1529	1528	3636	
1052	1226	3639	
2055	265	3638	
1436	126	3641	
2295	1913	3640	
1402	722	3643	
2918	61	3642	
2116	546	3645	
2560	1058	3644	
352	2976	3647	
2145	3134	3646	
888	1797	3649	
2769	3648	1078	
476	2205	3651	
2066	3650	1028	
2463	686	3653	
2068	2069	3652	
1536	1537	3655	
317	156	3654	
926	2353	3657	
1222	1076	3656	
1741	972	3659	
2435	447	3658	
1840	3857	3661	
214	1952	3660	
2216	3185	3663	
1053	293	3662	
3192	142	3665	
855	2511	3664	
1090	2342	3667	
2007	297	3666	
390	1218	3669	
2580	1584	3668	
1054	382	3671	
756	1731	3670	
763	3821	3820	
2898	1352	3024	
1866	806	3675	
1839	1838	3674	
456	936	3677	
1844	2450	3676	
1381	1380	3679	
695	655	3678	
3571	339	3681	
1189	1188	3680	
1603	3958	351	
1161	351	1655	
3148	1538	815	
309	815	364	
72	2454	3687	
3423	1619	3686	
1472	54	3689	
1407	3860	3688	
896	1864	3691	
838	3097	3690	
215	989	3693	
1853	3233	3692	
328	1440	3695	
213	2796	3694	
1400	1401	3697	
694	725	3696	
3514	230	3699	
1995	906	3698	
2108	261	3720	
1327	134	261	
702	718	1873	
128	1873	3619	
3388	196	3705	
1962	1963	3704	
1552	2591	788	
2711	2710	1754	
1680	794	3709	
1933	483	3708	
3511	2141	1000	
3109	2018	2141	
1691	1410	3713	
443	769	3712	
1958	41	3715	
2897	1715	3714	
2158	3717	3125	
1658	2451	3716	
1378	3203	3719	
1900	673	3718	
3700	2559	3721	
1048	3863	3720	
1280	2145	3723	
357	172	3722	
638	3211	3725	
1673	1582	3724	
2991	3727	1100	
2350	1238	3726	
3531	396	606	
1693	3826	396	
1316	251	3731	
679	1645	3730	
1288	1438	3733	
459	881	3732	
364	3521	3735	
3603	1236	3734	
338	772	3737	
3937	1416	3736	
2222	810	3739	
1483	1909	3738	
1206	161	3741	
1572	3261	3740	
3386	907	2575	
1815	1814	907	
2775	781	1860	
1464	700	781	
966	2308	3747	
3214	1846	3746	
500	2095	1011	
1491	1897	2095	
1716	1980	3751	
1022	965	3750	
1098	2220	3753	
1265	1264	3752	
896	839	3755	
2581	1843	3754	
348	1558	3757	
2476	1092	3756	
394	878	3759	
393	685	3758	
1339	88	3761	
2226	1682	3760	
804	1593	3763	
2392	3541	3762	
234	1087	3765	
408	2604	3764	
3157	876	3767	
1507	441	3766	
3418	796	3769	
1807	413	3768	
1086	3979	3771	
1283	403	3770	
354	1125	3773	
754	1162	3772	
1714	2004	3775	
991	1959	3774	
2005	1024	3777	
2030	2289	3776	
176	2234	3779	
758	1277	3778	
3004	914	3781	
2403	473	3780	
541	131	3783	
1633	1365	3782	
338	306	3785	
1135	1134	3784	
65	2264	1935	
2572	1935	1112	
2432	466	3789	
917	1695	3788	
3474	1431	3791	
423	3790	1254	
98	1001	3793	
2945	955	3792	
3405	1171	3795	
555	1107	3794	
297	585	3797	
561	1186	3796	
3570	1320	3799	
1786	447	3798	
3636	402	3801	
677	3082	3800	
391	799	3803	
1621	1585	3802	
1548	3815	3805	
331	1384	3804	
112	1802	2537	
747	2537	2536	
2888	1391	3809	
3000	264	3808	
3338	1144	3811	
1429	3029	3810	
1074	558	3813	
1184	1185	3812	
164	2696	3815	
867	3804	3814	
3411	1624	3817	
890	1646	3816	
1941	2255	3819	
837	106	3818	
1262	3672	1263	
610	3672	2898	
1628	201	3823	
757	2387	3822	
3317	388	3825	
3173	1295	3824	
1692	3729	3827	
831	791	3826	
779	2206	3829	
3122	937	3828	
1944	2046	1071	
2027	1071	3904	
3021	2702	3833	
3486	1911	3832	
3960	4	3835	
2462	684	3834	
1360	3837	1361	
687	494	3836	
329	1403	3839	
605	3461	3838	
885	759	3841	
1947	3533	3840	
2303	1222	3843	
675	317	3842	
119	962	3845	
1597	1981	3844	
928	1046	3847	
1923	845	3846	
1723	221	3849	
1837	18	3848	
2606	933	3851	
977	3463	3850	
1114	2400	3853	
571	2679	3852	
978	3855	2020	
3065	393	3854	
824	600	3857	
1841	3660	3856	
594	1160	3859	
3071	227	3858	
1341	3689	3861	
667	279	3860	
2706	512	3863	
2109	3721	3862	
1175	544	3865	
1760	15	3864	
699	353	3867	
1547	1546	3866	
1125	2411	3869	
1346	2929	3868	
40	1798	3871	
1135	1382	3870	
3919	2812	3873	
3872	1982	495	
1340	3875	1341	
766	158	3874	
446	916	3877	
2191	1831	3876	
2337	1558	3879	
710	3942	3878	
2140	3881	2161	
2160	2509	3880	
58	244	3883	
532	1105	3882	
967	3089	3885	
2075	2522	3884	
1420	288	3887	
48	2721	3886	
2939	1452	3889	
381	1453	3888	
144	3413	3891	
1323	1322	3890	
3212	66	3893	
1289	1747	3892	
1998	116	3895	
488	1942	3894	
1996	218	3897	
1435	1229	3896	
2307	1668	236	
1961	1887	1668	
576	680	3901	
1253	3516	3900	
42	172	1914	
775	1914	357	
3831	2047	3905	
526	3165	3904	
437	1318	3907	
1945	2905	3906	
253	1171	3909	
1263	1213	3908	
1392	3982	3911	
1498	345	3910	
924	3944	3913	
2479	1768	3912	
475	1836	3915	
3051	1597	3914	
1124	116	3917	
3447	618	3916	
1907	2217	1361	
3872	959	1907	
446	1902	3921	
903	972	3920	
3267	3266	3923	
39	2766	3922	
380	1562	3925	
2977	652	3924	
95	595	3927	
1602	1654	3926	
668	1428	3929	
295	1534	3928	
790	399	3931	
233	1554	3930	
1412	2309	3933	
841	87	3932	
424	422	3935	
1617	2315	3934	
90	1232	3937	
3737	1417	3936	
3981	455	3939	
1513	1651	3938	
1650	1759	3941	
3224	77	3940	
744	3879	3943	
1455	1370	3942	
201	3912	3945	
612	2538	3944	
425	2657	3947	
735	1636	3946	
2075	250	3949	
119	1479	3948	
926	94	3951	
1698	1699	3950	
1835	843	852	
1687	231	843	
1462	505	3955	
2019	1020	3954	
1561	3093	3957	
7	1580	3956	
901	3682	3959	
372	1608	3958	
3834	1460	3961	
190	3113	3960	
1362	288	3963	
592	1363	3962	
1278	1727	3965	
1044	2916	3964	
1268	3967	757	
359	2865	3966	
3027	819	3969	
195	1373	3968	
1712	3529	3971	
208	2021	3970	
929	2034	3973	
2299	1735	3972	
314	1418	3975	
1169	1168	3974	
1736	822	3977	
1477	191	3976	
3226	622	3979	
623	3770	3978	
159	2940	2941	
927	3938	2203	
661	145	3910	
621	1551	661	
